408 499
930 1067
1648 1749
2419 2546
2982 3087
3748 3806
4462 4515
5002 5017
5630 5639
6131 6174
6514 6532
6897 6957
7110 7125
7216 7217
7359 7382
7388 7452
7475 7500
7673 7691
8049 8075
8440 8456
8780 8809
9333 9349
9911 9939
10702 10719
11246 11309
11736 11756
12018 12041
12274 12313
12736 12781
12968 12972
13275 13309
13596 13603
13790 13792
13877 13879
13971 13975
14010 14051
14129 14198
14225 14311
14335 14446
14539 14671
14999 15141
15396 15501
15593 15713
15871 16005
16086 16195
16448 16581
16640 16733
16994 17082
17363 17496
17651 17795
18150 18265
18662 18753
19286 19329
20077 20098
20753 20774
21256 21310
21729 21752
22084 22156
22418 22448
22551 22561
22584 22588
22735 22765
22965 22979
23280 23293
23538 23546
23651 23695
23755 23815
23863 23952
24097 24188
24233 24363
24477 24560
24613 24728
24844 25001
25100 25286
25308 25500
25554 25721
25828 26022
26314 26499
26544 26756
27008 27171
27432 27627
27705 27863
27914 28049
28103 28220
28400 28546
28784 28910
29383 29528
29980 30096
30301 30427
30512 30593
30699 30809
30833 30894
30952 30982
30988 31026
31086 31146
31192 31284
31461 31567
31963 32085
32265 32355
32444 32530
32573 32642
32749 32852
33144 33218
33293 33368
33578 33700
33941 34076
34422 34553
34923 35025
35182 35293
35339 35480
35697 35791
36094 36175
36405 36470
36487 36568
36569 36646
36824 36868
36914 36937
37009 37037
37201 37210
37560 37564
37672 37685
37770 37787
37922 37927
37966 37967
38005 38031
38091 38149
38240 38272
38344 38397
38682 38694
39182 39207
39782 39805
40286 40293
40610 40652
40881 40937
41230 41307
41738 41851
42132 42202
42264 42305
42426 42471
42591 42615
42800 42860
43025 43071
43446 43493
43919 43963
44194 44271
44587 44618
44968 44982
45379 45384
46006 46049
46471 46559
47188 47279
47783 47855
48455 48537
49285 49417
50390 50567
51468 51683
52726 52944
53804 53984
54787 54946
55810 55999
56661 56860
57692 57861
58919 59113
60403 60570
61727 61869
62925 63057
64041 64159
65164 65319
66433 66583
67793 67984
68958 69190
70170 70385
71323 71546
72288 72477
73365 73531
74317 74501
75500 75685
76649 76877
78053 78237
79414 79628
80908 81165
82217 82504
83418 83706
84402 84689
85389 85639
86214 86424
87033 87214
87918 88120
88770 88946
89663 89792
90572 90684
91700 91832
92730 92831
93518 93586
94309 94410
95080 95174
95619 95750
95993 96099
96526 96640
96974 97055
97533 97581
97895 97917
98012 98046
98074 98128
98178 98267
98564 98646
99072 99165
99717 99769
100428 100466
100936 100949
101376 101412
101816 101841
102030 102041
102236 102284
102477 102506
102521 102521
102588 102599
102651 102659
102834 102859
103201 103209
103583 103585
104207 104237
104946 105013
105665 105690
106277 106290
106713 106720
106952 106975
107081 107106
107118 107190
107333 107453
107510 107594
107645 107714
107978 108016
108383 108395
108930 108948
109403 109417
109732 109778
110025 110087
110330 110363
110693 110760
111270 111288
111992 111996
112876 112899
113974 113999
114836 114850
115652 115682
116684 116689
117797 117818
118953 118979
120214 120236
121338 121381
122494 122582
123847 123935
125245 125350
126792 126947
128354 128538
130044 130204
131830 131984
133503 133656
134990 135096
136608 136748
138418 138604
140102 140287
141813 142003
143408 143637
144863 145093
146096 146288
147144 147320
148018 148168
148933 149118
149914 150126
150902 151111
151731 151973
152476 152701
153098 153295
153893 154055
154537 154735
155137 155362
155930 156173
156832 157082
157664 157904
158374 158658
159273 159512
159906 160173
160436 160707
160778 161064
161233 161531
161597 161850
161876 162118
162129 162394
162495 162734
162815 163033
163148 163354
163413 163595
163797 163937
164290 164438
164765 164935
165458 165632
166187 166411
167178 167384
168221 168446
169234 169445
170064 170227
170829 170988
171573 171725
172205 172311
172784 172898
173479 173641
174066 174257
174456 174661
175058 175231
175701 175845
176074 176229
176621 176760
177096 177246
177367 177487
177522 177669
177815 177955
178049 178177
178441 178548
178589 178688
178754 178839
179089 179186
179205 179264
179476 179519
179801 179812
180189 180226
180461 180513
180719 180734
181020 181081
181269 181342
181686 181786
182290 182388
183069 183150
183976 184057
184660 184693
185447 185525
186075 186189
186612 186684
186920 186972
187243 187312
187429 187502
187627 187693
187773 187884
187961 188107
188163 188299
188576 188703
188866 188971
188996 189075
189123 189249
189542 189666
189871 189955
190247 190306
190521 190562
190566 190639
190785 190827
191208 191219
191640 191700
192078 192115
192296 192370
192389 192469
192579 192703
193005 193101
193561 193703
194382 194570
195436 195632
196310 196483
197302 197459
198430 198567
199756 199937
201244 201468
202894 203154
204671 204886
206351 206526
207813 207963
209188 209298
210433 210504
211670 211742
212965 213032
214084 214128
215351 215423
216657 216708
217814 217898
218823 218869
219973 220041
221086 221160
222204 222274
223489 223537
224743 224757
225861 225880
227191 227213
228364 228411
229732 229784
230953 230971
232379 232407
233697 233746
235256 235296
236895 236906
238602 238622
240487 240538
242319 242324
244132 244145
246118 246122
248282 248308
250706 250759
253087 253131
255217 255286
257420 257497
259572 259668
261514 261621
263567 263670
265475 265586
267573 267717
269638 269775
271803 271920
273740 273843
275511 275641
277214 277342
278863 278943
280711 280796
282804 282894
284697 284774
286379 286444
287899 287965
289532 289639
291324 291454
293147 293304
295199 295344
297039 297212
298830 299011
300406 300598
302045 302252
303461 303624
304625 304813
305702 305891
306963 307166
308084 308307
309374 309602
310524 310795
311618 311929
312783 313100
313879 314167
314966 315280
316287 316585
317664 317916
318770 319048
319808 320132
320878 321188
322085 322378
323139 323402
324172 324464
325458 325730
326561 326836
327573 327848
328675 328903
329609 329791
330392 330556
331182 331314
331938 332082
332457 332647
332850 333060
333326 333540
333892 334104
334549 334766
335037 335293
335374 335668
335781 336091
336287 336605
336642 336933
337011 337270
337439 337722
337768 338096
338288 338574
338886 339158
339551 339855
340459 340744
341283 341590
342197 342479
343331 343638
344643 344933
345782 346091
346917 347200
348181 348433
349522 349801
351089 351323
352548 352752
354109 354331
355893 356084
357833 358029
359601 359828
361630 361866
363460 363735
365147 365446
366806 367078
368416 368690
370144 370384
372052 372302
373987 374229
375756 376021
377540 377756
379491 379682
381529 381688
383288 383420
385095 385265
386923 387073
388545 388654
390281 390430
392282 392408
394221 394331
396118 396238
398061 398151
399759 399874
401261 401372
402826 402957
404411 404572
405999 406126
407754 407884
409429 409588
411090 411200
412864 412958
414827 414963
416622 416718
418379 418521
419988 420160
421385 421557
422808 422961
424260 424409
425585 425713
426825 426996
428103 428242
429221 429360
430503 430635
431693 431861
432971 433143
434296 434456
435569 435715
436876 437032
438353 438510
439602 439735
441006 441130
442283 442398
443726 443855
445363 445541
446831 446993
448251 448444
449460 449616
450639 450748
451934 452069
453495 453588
455011 455081
456593 456704
458319 458441
459977 460127
461542 461705
462916 463053
464324 464498
465685 465838
467206 467341
468470 468610
469826 470001
471435 471570
473253 473386
475208 475387
476979 477117
478834 478922
480663 480731
482290 482315
483655 483698
484804 484894
486106 486161
487353 487412
488391 488485
489312 489392
490112 490218
490950 491037
491958 492056
492929 493043
494034 494173
495235 495393
496243 496380
497306 497440
498310 498398
499382 499440
500188 500251
501018 501049
501759 501813
502768 502829
503923 504008
504952 505058
505772 505892
506570 506683
507262 507412
507926 508047
508806 508937
509731 509834
510830 510947
512182 512333
513602 513760
515170 515283
516879 516976
518591 518682
520226 520317
521968 522034
523813 523899
525571 525642
527102 527201
528521 528646
529872 529985
530994 531148
531928 532077
532694 532817
533326 533490
534228 534439
535353 535566
536241 536410
537243 537434
538265 538435
539163 539312
540011 540190
540951 541143
542001 542203
543133 543339
544337 544526
545406 545577
546685 546808
547962 548073
549091 549224
550305 550445
551329 551458
552301 552429
553066 553241
553974 554182
555007 555260
556147 556362
557213 557399
558490 558666
559705 559843
560821 560981
562155 562277
563513 563638
565120 565220
566709 566838
568412 568532
569959 570125
571472 571598
573015 573142
574525 574646
575843 575985
577328 577480
579009 579208
580966 581180
582839 583027
584455 584626
585829 586029
587001 587167
587970 588148
589038 589240
590173 590359
591203 591352
591957 592152
592779 593001
593864 594061
594827 595067
595924 596128
596877 597094
597719 597948
598526 598710
599141 599344
599537 599725
599851 600072
600219 600445
600512 600738
600899 601175
601414 601668
601818 602038
602298 602471
602600 602731
602837 602990
603067 603179
603230 603315
603316 603359
603480 603522
603573 603579
603685 603709
603838 603858
604014 604018
604076 604078
604224 604270
604349 604379
604540 604568
604935 604961
605378 605454
605989 606082
606855 606969
607778 607925
608780 608883
609944 610000
611248 611273
612369 612395
613336 613342
614086 614105
615047 615063
615840 615876
616670 616730
617324 617351
617838 617868
618202 618245
618681 618754
619186 619238
619656 619671
620227 620257
620963 620993
621829 621845
622654 622682
623710 623713
624908 624910
625941 625964
627050 627087
628002 628079
628931 629001
629702 629762
630366 630452
631064 631115
631919 631986
632652 632673
633480 633484
634240 634272
635141 635185
636225 636268
637421 637476
638561 638594
639826 639844
640896 640916
642005 642026
643188 643230
644595 644648
646214 646292
647647 647689
649204 649234
650772 650827
652469 652516
654217 654310
656257 656387
658564 658687
660987 661089
663507 663614
665944 666022
668393 668467
670897 670926
673339 673353
675583 675601
677992 678001
680342 680378
682720 682785
685308 685380
687951 688014
690582 690609
692971 692984
695497 695545
698076 698142
700686 700748
703524 703557
706530 706612
709749 709795
712805 712809
715575 715612
718156 718201
720686 720724
723432 723510
726390 726431
729474 729531
732500 732602
735342 735458
738067 738195
740738 740859
743624 743770
746745 746861
749639 749783
752466 752649
755491 755703
758662 758880
761847 762031
765025 765166
768215 768379
771499 771694
774685 774849
777763 777966
780937 781096
784013 784172
787059 787236
790103 790309
793057 793225
796172 796311
799300 799427
802305 802415
805078 805228
807690 807836
810452 810635
813216 813422
816110 816301
818949 819149
821983 822160
824775 824947
827663 827880
830760 830984
833887 834106
837017 837280
840352 840620
843547 843825
846919 847237
850328 850680
854011 854340
857905 858262
861729 862105
865502 865851
869470 869852
873241 873644
876868 877284
880458 880869
883859 884226
886972 887329
890299 890612
893557 893918
896810 897217
900051 900454
903151 903553
906384 906795
909603 910032
912820 913247
915844 916303
918768 919210
921553 922043
924491 924973
927659 928095
930881 931280
933899 934252
936715 937092
939656 940048
942390 942760
944917 945282
947612 947966
950546 950874
953326 953684
956187 956527
959185 959553
962415 962802
965874 966252
969349 969763
973100 973524
977009 977455
980995 981480
985168 985666
989290 989742
993192 993602
997142 997506
1000992 1001365
1004724 1005119
1008341 1008709
1012158 1012488
1015849 1016139
1019646 1019942
1023593 1023886
1027529 1027833
1031659 1031960
1035719 1036020
1039737 1040059
1044004 1044339
1048412 1048782
1052778 1053187
1057056 1057485
1061525 1061992
1065898 1066344
1070250 1070666
1074391 1074830
1078439 1078896
1082308 1082751
1086087 1086524
1090064 1090505
1094018 1094471
1097984 1098412
1102136 1102572
1106231 1106642
1110141 1110514
1114005 1114395
1117949 1118327
1121962 1122294
1126037 1126419
1130219 1130560
1134563 1134911
1138800 1139162
1143029 1143438
1147545 1147948
1151880 1152290
1156100 1156533
1160129 1160522
1164300 1164655
1168636 1168964
1172802 1173126
1177150 1177448
1181473 1181791
1185932 1186297
1190209 1190565
1194263 1194652
1198361 1198722
1202435 1202838
1206774 1207187
1211095 1211508
1215245 1215692
1219443 1219903
1223496 1223981
1227806 1228308
1232003 1232502
1236440 1236897
1240862 1241299
1245421 1245853
1250174 1250625
1254947 1255407
1259595 1260026
1263993 1264388
1268140 1268563
1272138 1272549
1276216 1276675
1280326 1280771
1284252 1284666
1288273 1288698
1292154 1292588
1296126 1296548
1300316 1300719
1304680 1305041
1309099 1309445
1313296 1313676
1317422 1317795
1321392 1321782
1325149 1325524
1329132 1329462
1333199 1333570
1337195 1337517
1341116 1341469
1345265 1345570
1349498 1349845
1353870 1354222
1358243 1358611
1362565 1362958
1367114 1367525
1371693 1372073
1376468 1376827
1381186 1381500
1386079 1386387
1391162 1391475
1396123 1396389
1400937 1401242
1405848 1406178
1410620 1410970
1415224 1415623
1419944 1420385
1424543 1424951
1429297 1429714
1433947 1434370
1438764 1439164
1443622 1444045
1448347 1448753
1453167 1453600
1457895 1458373
1462683 1463145
1467319 1467731
1472146 1472545
1476799 1477183
1481201 1481633
1485743 1486168
1490448 1490885
1495300 1495722
1500220 1500619
1505278 1505639
1510524 1510875
1515942 1516315
1521171 1521545
1526457 1526849
1531971 1532347
1537399 1537727
1542804 1543092
1548386 1548627
1553861 1554090
1559405 1559592
1564690 1564888
1570055 1570263
1575357 1575592
1580476 1580677
1585800 1585977
1591221 1591359
1596386 1596523
1601402 1601542
1606215 1606375
1610799 1610989
1615290 1615480
1619631 1619817
1623899 1624133
1628309 1628538
1632620 1632878
1636958 1637204
1641175 1641421
1645349 1645568
1649595 1649821
1653603 1653834
1657600 1657838
1661607 1661885
1665683 1665962
1669783 1670048
1673891 1674169
1677887 1678200
1682071 1682403
1686142 1686499
1690248 1690624
1694599 1694958
1699050 1699459
1703624 1704061
1708409 1708864
1713438 1713934
1718292 1718837
1722960 1723508
1727824 1728388
1732900 1733509
1737942 1738534
1742901 1743510
1747805 1748387
1752881 1753426
1758127 1758633
1763400 1763925
1768942 1769508
1774747 1775339
1780693 1781236
1786554 1787072
1792422 1792937
1798518 1799083
1804841 1805385
1811391 1811921
1817987 1818471
1824390 1824830
1830725 1831203
1837029 1837473
1843157 1843646
1849165 1849648
1855262 1855753
1861332 1861831
1867387 1867875
1873611 1874147
1879957 1880518
1886200 1886747
1892350 1892860
1898545 1899104
1904927 1905535
1911561 1912216
1918410 1919073
1925336 1926017
1932445 1933082
1939743 1940380
1946952 1947570
1954177 1954755
1961140 1961758
1967970 1968612
1974620 1975311
1981269 1981955
1987842 1988500
1994557 1995169
2000977 2001579
2007230 2007818
2013291 2013848
2019212 2019787
2025079 2025694
2030987 2031621
2036677 2037300
2042166 2042771
2047714 2048292
2053231 2053763
2058575 2059063
2063958 2064419
2069279 2069704
2074787 2075208
2080189 2080608
2085782 2086215
2091168 2091556
2096330 2096734
2101534 2101895
2106467 2106843
2111464 2111857
2116282 2116687
2121048 2121447
2126027 2126441
2131044 2131458
2136298 2136755
2141481 2141964
2146886 2147386
2152220 2152732
2157751 2158286
2163321 2163828
2168931 2169411
2174520 2174979
2179839 2180337
2185285 2185786
2190942 2191420
2196333 2196771
2201571 2202045
2206910 2207387
2212274 2212769
2217687 2218132
2222970 2223422
2228140 2228566
2233349 2233759
2238557 2239008
2243901 2244331
2249353 2249780
2254773 2255216
2260387 2260835
2266094 2266528
2271697 2272122
2277246 2277712
2282628 2283099
2288169 2288639
2293555 2294021
2299004 2299455
2304562 2304965
2310097 2310531
2315566 2315967
2321079 2321450
2326602 2326945
2331906 2332228
2337298 2337603
2342696 2343047
2348342 2348718
2354162 2354530
2359776 2360135
2365316 2365651
2370759 2371054
2376166 2376497
2381437 2381797
2386598 2386930
2391528 2391813
2396363 2396654
2400999 2401315
2405685 2405981
2410449 2410757
2415238 2415583
2420299 2420656
2425329 2425685
2430439 2430835
2435534 2435931
2440873 2441300
2446331 2446713
2451720 2452135
2457225 2457647
2462948 2463351
2468608 2469039
2474236 2474624
2479903 2480276
2485376 2485747
2490890 2491296
2496268 2496675
2501792 2502150
2507307 2507619
2512813 2513172
2518294 2518604
2523908 2524241
2529304 2529687
2534838 2535205
2540437 2540797
2545872 2546280
2551448 2551821
2556882 2557266
2562150 2562548
2567624 2567974
2572820 2573124
2577939 2578235
2583101 2583412
2588089 2588390
2593212 2593527
2598475 2598783
2603656 2603988
2608855 2609189
2613815 2614174
2618662 2619034
2623717 2624049
2628974 2629349
2634389 2634750
2639698 2640105
2645015 2645424
2650404 2650775
2655747 2656157
2661331 2661695
2666661 2667064
2672251 2672664
2677692 2678056
2683039 2683380
2688328 2688621
2693537 2693874
2698796 2699101
2704140 2704468
2709573 2709903
2714803 2715118
2719884 2720158
2724733 2725025
2729791 2730066
2735022 2735291
2740003 2740247
2745018 2745295
2750233 2750498
2755394 2755677
2760498 2760797
2765848 2766154
2771296 2771570
2776953 2777177
2782410 2782627
2787854 2788053
2793283 2793470
2798658 2798832
2804182 2804330
2809675 2809807
2815254 2815412
2821064 2821209
2826756 2826936
2832508 2832654
2838442 2838546
2844431 2844547
2850581 2850716
2856521 2856616
2862238 2862292
2868020 2868104
2873870 2873983
2879671 2879782
2885493 2885650
2891316 2891424
2897085 2897174
2902892 2902982
2908737 2908820
2914556 2914650
2920532 2920579
2926234 2926291
2931787 2931842
2937118 2937185
2942464 2942562
2947666 2947752
2952863 2952995
2958243 2958414
2963532 2963746
2969022 2969266
2974383 2974669
2979888 2980200
2985571 2985862
2991239 2991545
2997122 2997428
3003232 3003530
3009294 3009609
3015125 3015392
3020666 3020948
3026364 3026632
3032224 3032512
3038234 3038543
3044195 3044487
3049943 3050241
3055636 3055937
3061261 3061609
3066777 3067107
3072246 3072592
3077830 3078215
3083558 3083943
3089056 3089409
3094315 3094629
3099523 3099879
3104898 3105248
3110321 3110718
3115858 3116221
3121201 3121568
3126739 3127059
3132045 3132369
3137221 3137538
3142569 3142934
3147896 3148273
3153188 3153534
3158309 3158688
3163548 3163914
3168898 3169265
3174228 3174603
3179633 3179969
3184929 3185238
3190418 3190704
3195715 3195955
3201182 3201440
3206854 3207115
3212643 3212855
3218343 3218598
3223868 3224157
3229595 3229868
3235367 3235663
3241166 3241469
3247113 3247410
3253241 3253586
3259535 3259890
3265962 3266271
3272450 3272725
3278702 3278932
3284925 3285178
3291201 3291459
3297330 3297543
3303426 3303630
3309625 3309788
3316013 3316169
3322174 3322352
3328585 3328734
3335015 3335209
3341670 3341818
3348091 3348195
3354454 3354543
3361001 3361105
3367480 3367551
3373707 3373823
3379949 3380075
3386400 3386540
3392735 3392864
3399065 3399229
3405486 3405646
3411980 3412144
3418428 3418552
3424966 3425052
3431365 3431421
3437842 3437909
3444085 3444119
3450356 3450438
3456611 3456663
3462588 3462676
3468632 3468723
3474639 3474695
3480617 3480716
3486678 3486799
3492725 3492891
3499055 3499253
3505615 3505845
3512069 3512314
3518674 3518914
3525428 3525686
3532011 3532287
3538442 3538717
3544893 3545175
3551147 3551386
3557210 3557443
3563017 3563248
3568813 3569007
3574788 3575029
3580725 3580984
3586740 3586977
3592489 3592708
3598047 3598253
3603663 3603889
3609373 3609619
3614916 3615133
3620586 3620798
3626048 3626255
3631598 3631766
3637256 3637463
3642921 3643099
3648633 3648801
3654090 3654261
3659437 3659638
3664895 3665091
3670594 3670746
3676148 3676293
3681716 3681843
3687232 3687317
3692829 3692923
3698624 3698733
3704307 3704390
3710025 3710104
3715884 3715948
3721518 3721565
3726906 3726992
3732547 3732632
3738045 3738137
3743552 3743625
3749172 3749207
3754823 3754827
3760309 3760318
3765814 3765863
3771336 3771433
3777002 3777127
3782930 3783040
3788605 3788747
3794276 3794390
3799996 3800130
3805839 3805950
3811698 3811766
3817336 3817385
3823081 3823146
3828799 3828824
3834635 3834681
3840652 3840674
3846703 3846709
3852577 3852599
3858486 3858529
3864620 3864663
3870692 3870776
3876976 3877081
3883262 3883410
3889439 3889583
3895851 3895993
3902465 3902579
3908915 3909029
3915149 3915215
3921178 3921291
3927322 3927477
3933266 3933447
3939067 3939278
3945107 3945332
3951366 3951582
3957766 3958009
3964333 3964592
3971063 3971341
3977671 3977910
3984388 3984597
3990830 3991078
3997254 3997541
4003725 4004031
4010007 4010269
4016074 4016354
4022241 4022543
4028438 4028775
4034794 4035178
4041246 4041652
4047499 4047905
4053704 4054068
4059725 4060137
4065597 4065988
4071599 4071951
4077579 4077883
4083456 4083754
4089425 4089763
4095528 4095905
4101853 4102204
4108355 4108716
4114691 4115008
4120935 4121254
4126982 4127330
4132840 4133161
4138672 4139033
4144638 4144994
4150587 4150975
4156691 4157058
4162892 4163252
4169169 4169567
4175370 4175775
4181726 4182125
4188186 4188618
4194720 4195131
4201144 4201561
4207523 4207966
4213704 4214190
4219696 4220158
4225803 4226314
4232032 4232555
4238215 4238756
4244594 4245090
4251155 4251615
4257703 4258163
4264349 4264821
4271145 4271605
4277836 4278285
4284319 4284809
4290779 4291290
4297106 4297619
4303263 4303792
4309543 4310059
4315799 4316274
4321824 4322332
4327851 4328407
4334154 4334712
4340220 4340728
4346257 4346732
4352019 4352477
4357664 4358139
4363285 4363809
4368841 4369321
4374221 4374718
4379470 4379957
4384492 4385024
4389400 4389901
4394444 4394906
4399605 4400067
4404919 4405371
4410182 4410671
4415661 4416179
4421341 4421908
4426913 4427456
4432565 4433153
4438407 4438967
4444456 4445058
4450681 4451246
4456671 4457276
4462882 4463501
4469248 4469916
4475778 4476447
4482114 4482742
4488454 4489095
4494776 4495413
4500853 4501507
4507009 4507647
4513168 4513781
4519130 4519694
4525090 4525700
4531020 4531596
4536894 4537506
4542596 4543257
4548297 4548928
4553855 4554512
4559518 4560146
4565073 4565660
4570569 4571197
4575962 4576621
4581358 4582049
4586890 4587603
4592383 4593118
4597941 4598669
4603257 4604024
4608362 4609090
4613426 4614130
4618391 4619123
4623480 4624234
4628554 4629301
4633662 4634445
4638568 4639303
4643179 4643935
4647766 4648489
4652375 4653132
4656905 4657656
4661430 4662193
4666050 4666802
4670694 4671494
4675185 4675962
4679758 4680531
4684185 4684999
4688879 4689656
4693489 4694284
4697890 4698722
4702464 4703272
4707200 4708000
4712021 4712776
4717018 4717799
4722220 4723021
4727239 4728084
4732499 4733358
4737850 4738663
4742963 4743793
4748212 4749091
4753284 4754202
4758167 4759056
4762775 4763650
4767218 4768087
4771749 4772643
4776160 4777062
4780783 4781681
4785429 4786329
4789976 4790834
4794723 4795535
4799618 4800394
4804551 4805376
4809519 4810388
4814391 4815308
4819466 4820403
4824766 4825714
4830240 4831203
4835508 4836474
4840562 4841490
4845423 4846307
4850085 4850978
4854975 4855878
4860002 4860863
4864830 4865683
4869852 4870715
4874660 4875506
4879329 4880216
4884079 4884989
4888719 4889647
4893164 4894072
4897690 4898573
4902349 4903232
4906925 4907760
4911602 4912476
4916117 4916971
4920667 4921569
4925339 4926221
4930176 4931092
4934848 4935812
4939696 4940644
4944381 4945361
4949317 4950310
4954020 4955051
4958937 4960011
4963980 4965048
4969161 4970229
4974422 4975462
4979898 4980909
4985352 4986319
4990848 4991853
4996466 4997436
5002279 5003224
5008034 5008975
5013995 5014903
5019946 5020875
5025903 5026867
5031791 5032741
5037840 5038839
5044131 5045125
5050216 5051247
5056308 5057367
5062507 5063520
5068682 5069687
5075052 5076043
5081577 5082586
5088107 5089147
5094592 5095582
5101092 5102099
5107471 5108435
5113581 5114547
5119466 5120463
5125356 5126393
5131218 5132252
5137294 5138375
5143352 5144459
5149685 5150780
5156000 5157139
5162524 5163619
5168971 5170064
5175510 5176638
5182217 5183334
5188958 5190035
5195586 5196673
5202442 5203543
5209141 5210219
5215802 5216857
5222290 5223307
5228656 5229639
5235169 5236123
5241454 5242361
5247500 5248370
5253663 5254485
5259951 5260774
5266365 5267223
5272953 5273784
5279504 5280353
5286215 5287056
5293073 5293884
5299967 5300735
5306635 5307400
5313407 5314181
5320110 5320928
5326740 5327550
5333475 5334312
5340409 5341232
5347561 5348400
5354952 5355763
5362361 5363134
5369824 5370556
5377146 5377851
5384413 5385157
5391878 5392616
5399266 5399962
5406848 5407540
5414296 5414984
5421613 5422310
5428714 5429393
5435587 5436233
5442431 5443039
5449337 5449937
5456184 5456754
5462877 5463433
5469618 5470160
5476497 5477034
5483506 5484032
5490557 5491054
5497521 5498058
5504759 5505313
5512209 5512745
5519598 5520136
5527009 5527515
5534251 5534799
5541403 5541906
5548406 5548944
5555299 5555852
5562114 5562715
5568831 5569439
5575546 5576133
5582233 5582791
5589138 5589660
5595863 5596406
5602453 5602976
5608788 5609341
5615052 5615593
5621137 5621682
5627167 5627705
5633071 5633571
5638772 5639304
5644277 5644793
5649657 5650220
5654904 5655485
5660230 5660805
5665320 5665872
5670417 5670981
5675474 5676043
5680705 5681233
5685702 5686248
5690926 5691448
5696095 5696608
5701297 5701767
5706238 5706680
5711124 5711558
5715879 5716294
5720698 5721069
5725356 5725764
5730071 5730451
5734968 5735396
5739814 5740222
5744861 5745315
5750190 5750687
5755486 5756019
5761066 5761604
5766485 5767067
5772118 5772685
5777663 5778199
5783050 5783555
5788316 5788868
5793668 5794256
5799117 5799704
5804356 5804913
5809557 5810119
5814759 5815344
5820071 5820676
5825281 5825934
5830583 5831273
5835971 5836667
5841358 5842077
5846841 5847589
5852211 5852970
5857377 5858099
5862346 5863064
5867344 5868036
5872511 5873193
5877860 5878587
5883408 5884093
5889089 5889797
5894711 5895381
5900427 5901089
5905956 5906592
5911491 5912163
5917101 5917724
5922627 5923240
5928133 5928767
5933799 5934414
5939561 5940163
5945454 5946026
5951394 5951954
5957134 5957675
5962612 5963112
5968085 5968551
5973529 5973954
5978812 5979237
5984044 5984459
5989334 5989715
5994789 5995213
6000427 6000822
6006240 6006603
6011884 6012262
6017463 6017798
6023164 6023508
6028684 6028978
6033990 6034280
6039399 6039679
6044867 6045134
6050305 6050557
6055803 6056073
6061113 6061407
6066355 6066611
6071545 6071773
6076639 6076826
6081794 6081951
6086953 6087077
6092125 6092277
6097197 6097353
6102296 6102496
6107477 6107722
6112765 6113056
6118288 6118549
6123601 6123821
6128756 6128997
6133868 6134151
6138773 6139091
6143883 6144168
6148768 6149011
6153417 6153671
6157976 6158234
6162617 6162915
6167185 6167499
6171958 6172289
6176918 6177201
6181841 6182109
6186839 6187128
6192064 6192326
6197127 6197393
6202366 6202672
6207649 6207977
6213101 6213451
6218552 6218928
6224001 6224408
6229697 6230120
6235403 6235780
6241081 6241474
6246998 6247356
6252968 6253375
6259026 6259465
6265119 6265582
6271348 6271811
6277597 6278058
6283759 6284203
6289865 6290310
6296116 6296548
6302466 6302872
6308819 6309194
6315126 6315503
6321317 6321679
6327337 6327736
6333479 6333899
6339891 6340296
6346472 6346857
6352894 6353254
6359069 6359447
6365105 6365492
6370908 6371334
6376545 6376966
6382141 6382610
6387757 6388216
6393439 6393868
6399043 6399481
6404438 6404880
6409978 6410444
6415382 6415817
6420628 6421075
6425922 6426334
6431349 6431754
6436898 6437346
6442461 6442867
6448012 6448398
6453503 6453907
6459113 6459501
6464850 6465239
6470626 6470983
6476510 6476859
6482446 6482829
6488561 6488955
6494724 6495074
6500756 6501107
6506695 6507040
6512574 6512915
6518665 6518987
6524913 6525280
6531404 6531783
6537675 6538103
6543989 6544380
6550143 6550533
6556328 6556716
6562280 6562680
6568404 6568785
6574649 6575051
6580960 6581370
6587463 6587884
6594024 6594477
6600725 6601171
6607330 6607790
6613732 6614180
6620107 6620592
6626741 6627212
6633162 6633599
6639622 6640058
6646108 6646569
6652549 6652964
6659176 6659630
6665939 6666409
6672878 6673390
6680108 6680621
6687308 6687817
6694271 6694749
6701070 6701524
6707677 6708128
6714514 6714937
6721142 6721534
6727638 6728013
6734262 6734603
6740810 6741151
6747114 6747484
6753507 6753898
6760149 6760568
6767040 6767487
6773795 6774213
6780274 6780697
6786847 6787227
6793522 6793937
6800204 6800608
6806938 6807305
6813635 6814018
6820485 6820895
6827137 6827558
6833811 6834208
6840546 6840990
6847084 6847560
6853588 6854055
6860150 6860661
6866623 6867133
6872882 6873439
6879187 6879723
6885369 6885886
6891303 6891828
6897459 6897985
6903492 6904033
6909705 6910229
6916012 6916541
6922475 6923037
6929183 6929774
6936111 6936735
6943237 6943867
6950505 6951101
6957538 6958154
6964495 6965086
6971211 6971811
6977724 6978305
6984260 6984797
6990513 6991072
6996707 6997313
7002915 7003478
7009289 7009856
7015807 7016414
7022501 7023123
7029191 7029820
7035809 7036454
7042325 7042954
7048998 7049632
7055583 7056246
7062319 7062982
7069160 7069823
7075871 7076512
7082549 7083216
7089158 7089844
7095755 7096490
7102380 7103090
7109047 7109716
7115810 7116455
7122705 7123308
7129507 7130155
7136360 7136991
7143316 7143910
7150097 7150665
7156640 7157187
7163402 7163988
7170117 7170683
7176768 7177343
7183337 7183952
7190056 7190709
7197019 7197682
7204113 7204787
7211321 7211983
7218435 7219074
7225521 7226140
7232795 7233438
7240224 7240916
7247809 7248468
7255442 7256108
7262973 7263666
7270668 7271407
7278285 7278983
7286103 7286823
7294065 7294811
7302080 7302826
7310109 7310866
7318199 7318942
7326324 7327042
7334176 7334934
7342127 7342875
7349918 7350649
7357850 7358564
7365538 7366260
7373271 7373965
7380989 7381653
7388476 7389139
7395913 7396624
7403244 7403910
7410635 7411335
7418242 7418982
7426100 7426797
7434117 7434834
7441940 7442707
7449912 7450714
7457840 7458659
7465588 7466381
7473140 7473967
7480498 7481350
7487824 7488720
7495045 7495956
7502131 7503029
7508961 7509849
7515856 7516728
7522737 7523598
7529611 7530487
7536455 7537288
7543073 7543950
7549617 7550516
7556220 7557075
7562735 7563620
7569317 7570201
7575853 7576785
7582563 7583482
7589392 7590340
7596023 7597005
7602928 7603929
7609943 7610915
7616804 7617743
7623712 7624650
7630425 7631397
7637360 7638342
7644386 7645378
7651243 7652207
7657857 7658847
7664316 7665340
7670799 7671844
7677329 7678400
7684133 7685231
7690775 7691862
7697335 7698405
7703991 7705084
7710569 7711650
7717369 7718483
7724327 7725470
7731205 7732345
7738152 7739307
7745229 7746385
7752333 7753518
7759468 7760673
7766674 7767916
7774020 7775278
7781235 7782518
7788342 7789614
7795596 7796855
7802945 7804188
7810260 7811514
7817689 7818916
7825041 7826228
7832210 7833367
7839442 7840637
7846557 7847720
7853533 7854712
7860555 7861710
7867609 7868791
7874662 7875861
7881733 7882884
7888709 7889870
7895452 7896617
7902116 7903284
7908536 7909720
7914826 7916042
7921169 7922429
7927313 7928538
7933669 7934893
7939867 7941118
7946312 7947528
7952816 7954073
7959451 7960691
7966190 7967473
7972992 7974261
7979650 7980933
7986350 7987637
7993248 7994529
8000079 8001367
8006693 8007972
8013376 8014654
8020202 8021436
8026893 8028170
8033438 8034765
8040066 8041349
8046509 8047775
8053000 8054274
8059498 8060738
8065932 8067128
8072188 8073342
8078279 8079464
8084226 8085418
8089994 8091158
8095699 8096861
8101509 8102687
8107191 8108346
8112986 8114160
8118611 8119764
8124283 8125439
8130198 8131403
8136390 8137583
8142412 8143588
8148191 8149366
8153917 8155043
8159835 8160979
8166012 8167202
8172093 8173309
8178421 8179611
8184563 8185730
8190781 8191924
8197095 8198222
8203173 8204323
8209218 8210415
8215489 8216726
8221750 8223018
8228211 8229451
8234573 8235849
8241064 8242376
8247532 8248815
8254053 8255327
8260371 8261635
8266622 8267924
8273128 8274407
8279590 8280872
8286239 8287560
8292886 8294227
8299478 8300794
8306218 8307526
8312736 8314030
8319040 8320379
8325579 8326887
8331984 8333326
8338208 8339543
8344281 8345588
8350480 8351815
8356527 8357853
8362813 8364168
8369101 8370504
8375449 8376802
8381716 8383106
8388126 8389496
8394526 8395918
8400995 8402387
8407279 8408635
8413744 8415103
8420380 8421783
8426951 8428349
8433469 8434823
8440068 8441380
8446678 8447957
8453393 8454679
8460364 8461640
8467401 8468643
8474574 8475811
8481816 8483074
8489015 8490281
8496114 8497342
8503130 8504385
8509980 8511232
8516664 8517935
8523331 8524607
8529951 8531208
8536603 8537883
8543148 8544400
8549484 8550760
8556040 8557272
8562707 8563978
8569356 8570644
8575814 8577071
8582444 8583740
8589204 8590462
8595873 8597119
8602495 8603731
8609338 8610613
8616098 8617344
8622598 8623865
8629025 8630293
8635676 8636941
8642207 8643463
8648658 8649907
8654945 8656174
8661350 8662604
8667713 8668965
8673948 8675181
8680352 8681591
8686646 8687923
8692978 8694257
8699155 8700462
8705255 8706551
8711386 8712720
8717619 8718982
8724019 8725359
8730194 8731570
8736508 8737930
8742889 8744281
8749304 8750738
8755864 8757295
8762411 8763799
8768800 8770206
8775219 8776622
8781776 8783140
8788244 8789609
8794526 8795874
8801016 8802381
8807352 8808704
8813567 8814959
8819736 8821096
8825762 8827154
8832041 8833416
8838309 8839696
8844582 8846019
8850845 8852299
8857320 8858738
8863767 8865232
8870068 8871523
8876593 8878095
8883403 8884871
8890414 8891880
8897669 8899104
8904732 8906214
8911902 8913374
8919207 8920690
8926439 8927960
8933822 8935300
8941165 8942629
8948580 8950053
8956107 8957577
8963653 8965109
8970943 8972392
8978258 8979687
8985394 8986798
8992435 8993807
8999559 9000918
9006828 9008152
9014127 9015490
9021588 9022997
9029179 9030600
9036994 9038368
9044917 9046291
9052877 9054251
9060730 9062082
9068377 9069778
9076272 9077692
9084394 9085822
9092553 9093994
9100864 9102330
9109136 9110571
9117185 9118575
9125088 9126501
9132916 9134298
9140717 9142145
9148598 9149987
9156474 9157847
9164100 9165434
9171526 9172896
9179226 9180639
9187178 9188600
9195349 9196773
9203453 9204841
9211704 9213076
9219807 9221227
9227723 9229156
9235546 9236958
9243428 9244860
9251183 9252566
9258868 9260225
9266296 9267636
9273681 9275010
9281008 9282324
9288125 9289451
9295370 9296726
9302814 9304201
9310135 9311506
9317689 9319049
9325276 9326605
9333039 9334377
9341006 9342369
9348753 9350082
9356372 9357670
9364173 9365452
9372047 9373355
9380120 9381464
9388098 9389397
9396190 9397500
9404395 9405737
9412829 9414142
9421356 9422702
9430054 9431440
9438590 9439961
9447014 9448386
9455218 9456610
9463647 9465037
9471926 9473309
9480109 9481481
9488152 9489533
9496085 9497467
9503987 9505413
9512035 9513495
9520132 9521594
9528422 9529842
9536531 9537949
9544507 9545942
9552577 9553968
9560387 9561821
9568220 9569682
9575981 9577475
9583874 9585394
9591831 9593377
9599619 9601133
9607380 9608877
9614967 9616502
9622702 9624234
9630289 9631774
9637732 9639180
9645134 9646595
9652559 9654020
9660004 9661479
9667564 9669071
9675078 9676570
9682762 9684291
9690589 9692155
9698354 9699890
9706320 9707813
9714225 9715720
9722361 9723899
9730712 9732257
9738877 9740380
9746833 9748310
9754639 9756086
9762184 9763625
9769647 9771120
9777060 9778532
9784294 9785786
9791775 9793269
9799274 9800807
9806608 9808147
9813829 9815373
9821188 9822693
9828438 9829987
9835545 9837053
9842394 9843906
9849463 9850985
9856661 9858218
9863916 9865475
9871166 9872767
9878631 9880185
9885910 9887443
9893335 9894849
9900623 9902175
9908148 9909672
9915425 9916988
9922590 9924175
9929947 9931533
9937390 9938974
9944959 9946515
9952468 9954026
9960061 9961662
9967666 9969286
9975293 9976892
9982953 9984519
9990547 9992143
9998181 9999754
10005833 10007357
10013444 10014925
10021236 10022700
10029230 10030685
10037383 10038798
10045602 10046997
10053715 10055103
10061708 10063139
10069578 10071051
10077602 10079031
10085723 10087130
10093904 10095307
10102132 10103583
10110240 10111718
10118342 10119824
10126484 10127933
10134462 10135951
10142337 10143807
10149955 10151390
10157597 10159015
10165129 10166536
10172409 10173823
10179824 10181265
10187017 10188491
10194370 10195828
10201925 10203358
10209503 10210895
10217222 10218652
10225096 10226494
10232798 10234244
10240548 10241969
10248249 10249637
10255726 10257078
10263295 10264682
10271010 10272442
10278870 10280314
10286530 10287949
10294385 10295845
10302432 10303859
10310315 10311756
10318171 10319619
10325953 10327394
10333689 10335132
10341493 10342959
10349116 10350579
10356677 10358116
10364235 10365705
10372025 10373447
10379944 10381413
10387790 10389259
10395581 10397011
10403381 10404848
10411091 10412562
10418796 10420234
10426381 10427797
10433999 10435397
10441428 10442831
10448810 10450178
10456215 10457591
10463467 10464876
10470519 10471957
10477467 10478883
10484638 10486079
10491588 10493046
10498647 10500088
10505833 10507298
10512804 10514221
10519924 10521310
10526764 10528131
10533603 10534941
10540662 10542023
10547499 10548890
10554339 10555702
10561060 10562418
10567779 10569146
10574526 10575912
10581262 10582665
10587866 10589275
10594278 10595649
10600562 10601969
10606745 10608181
10612763 10614224
10618877 10620301
10624723 10626136
10630764 10632208
10637077 10638519
10643385 10644814
10649615 10651014
10656056 10657498
10662689 10664094
10669321 10670695
10675945 10677340
10682810 10684156
10689471 10690788
10696291 10697618
10703209 10704537
10710237 10711548
10717030 10718337
10723684 10724948
10730386 10731694
10736933 10738274
10743591 10744893
10750343 10751672
10757160 10758455
10763960 10765232
10770778 10772038
10777565 10778776
10784314 10785484
10790828 10792017
10797215 10798354
10803545 10804660
10809931 10811074
10816107 10817273
10822235 10823365
10828195 10829293
10833971 10835054
10839555 10840622
10844875 10845979
10850316 10851426
10855653 10856762
10860976 10862096
10866378 10867471
10871713 10872819
10876877 10877956
10881841 10882956
10886824 10887917
10892017 10893087
10897174 10898202
10902414 10903408
10907568 10908580
10912609 10913630
10917582 10918613
10922411 10923455
10927335 10928348
10932245 10933227
10937119 10938116
10942035 10942991
10947102 10948061
10951945 10952877
10956748 10957728
10961561 10962539
10966479 10967414
10971466 10972389
10976392 10977295
10981119 10982039
10986014 10986969
10990752 10991744
10995728 10996729
11000949 11001962
11006303 11007339
11011846 11012847
11017526 11018495
11023187 11024180
11028723 11029677
11034228 11035188
11039643 11040625
11045068 11046024
11050293 11051283
11055363 11056327
11060358 11061316
11065463 11066373
11070697 11071562
11075854 11076700
11080987 11081803
11085942 11086767
11090902 11091723
11096081 11096948
11101281 11102158
11106406 11107290
11111691 11112598
11116980 11117845
11122098 11123013
11127114 11128055
11131941 11132880
11136939 11137892
11142153 11143103
11147434 11148381
11152729 11153646
11157958 11158858
11163311 11164205
11168613 11169461
11173994 11174813
11179537 11180354
11185186 11186051
11190791 11191630
11196609 11197472
11202592 11203446
11208498 11209308
11214239 11215067
11219916 11220786
11225665 11226492
11231316 11232187
11236777 11237635
11242377 11243185
11247714 11248563
11253072 11253920
11258308 11259147
11263740 11264601
11269255 11270097
11274831 11275629
11280401 11281212
11285923 11286735
11291640 11292434
11297438 11298255
11303112 11303922
11308843 11309605
11314532 11315254
11320223 11320945
11325944 11326648
11331866 11332553
11337847 11338534
11344067 11344734
11350397 11351112
11356975 11357712
11363478 11364220
11369823 11370559
11375970 11376673
11382214 11382965
11388617 11389381
11395147 11395872
11401470 11402203
11407714 11408437
11413708 11414421
11419728 11420438
11425543 11426288
11431631 11432359
11437532 11438279
11443628 11444420
11449822 11450623
11456209 11456978
11462809 11463572
11469317 11470049
11475977 11476735
11482678 11483447
11489522 11490309
11496394 11497201
11503325 11504157
11510372 11511162
11517232 11517983
11524039 11524792
11530654 11531387
11537399 11538148
11544011 11544733
11550819 11551516
11557540 11558257
11564527 11565221
11571549 11572281
11578812 11579582
11586161 11586943
11593563 11594378
11601224 11602046
11608806 11609671
11616440 11617338
11623879 11624825
11631175 11632147
11638288 11639212
11645385 11646330
11652292 11653211
11659152 11660039
11666146 11666999
11672953 11673847
11679598 11680463
11686462 11687323
11693349 11694172
11700089 11700950
11707110 11707991
11714373 11715208
11721592 11722468
11728961 11729792
11736275 11737137
11743395 11744273
11750461 11751293
11757255 11758080
11763871 11764673
11770567 11771353
11777045 11777801
11783324 11784083
11789726 11790516
11796276 11797085
11802950 11803733
11809822 11810578
11816433 11817225
11823312 11824135
11830056 11830916
11837009 11837837
11843911 11844788
11850794 11851651
11857864 11858686
11864868 11865647
11871659 11872401
11878452 11879192
11885189 11885933
11892009 11892719
11898840 11899545
11905466 11906125
11912192 11912855
11918697 11919332
11924959 11925568
11931275 11931902
11937506 11938122
11943894 11944543
11950295 11950931
11956755 11957412
11963254 11963901
11969664 11970344
11975929 11976593
11982050 11982700
11988028 11988661
11993826 11994451
11999840 12000505
12005644 12006264
12011364 12012002
12017166 12017776
12023006 12023579
12028842 12029427
12034686 12035272
12040510 12041121
12046478 12047124
12052514 12053161
12058641 12059263
12064563 12065143
12070306 12070871
12076182 12076765
12082249 12082861
12088520 12089151
12094844 12095503
12101364 12102019
12107913 12108567
12114357 12115036
12120996 12121668
12127425 12128136
12134021 12134692
12140633 12141338
12147262 12147980
12154023 12154716
12160790 12161519
12167385 12168138
12173983 12174739
12180379 12181168
12186838 12187655
12193114 12193910
12199569 12200361
12206144 12206970
12212609 12213406
12219164 12219996
12225680 12226480
12232096 12232859
12238473 12239271
12244681 12245526
12250919 12251748
12257028 12257848
12262879 12263673
12268773 12269612
12274887 12275770
12280947 12281866
12287059 12287972
12292919 12293859
12298763 12299724
12304427 12305418
12309947 12310933
12315359 12316367
12320998 12322025
12326417 12327465
12331853 12332863
12337188 12338216
12342380 12343443
12347617 12348639
12352826 12353872
12357818 12358896
12362688 12363810
12367839 12368967
12373148 12374297
12378620 12379781
12384116 12385233
12389757 12390859
12395583 12396727
12401326 12402465
12407088 12408274
12412840 12414058
12418454 12419703
12423961 12425169
12429427 12430645
12434765 12435953
12440208 12441386
12445450 12446609
12450620 12451738
12455969 12457088
12461422 12462517
12466828 12467926
12472458 12473542
12478212 12479250
12483792 12484807
12489563 12490560
12495435 12496435
12501418 12502462
12507481 12508500
12513574 12514577
12519467 12520464
12525323 12526274
12531240 12532168
12537280 12538176
12543183 12544033
12549160 12549969
12555070 12555894
12560974 12561796
12566719 12567557
12572521 12573405
12578250 12579180
12583989 12584897
12589774 12590639
12595566 12596473
12601296 12602247
12607202 12608140
12612967 12613888
12618598 12619521
12624419 12625294
12630284 12631201
12636269 12637160
12642160 12643045
12648227 12649064
12654104 12654989
12659865 12660779
12665886 12666778
12672076 12672927
12678300 12679190
12684540 12685403
12690931 12691795
12697269 12698112
12703511 12704314
12709824 12710666
12716326 12717196
12722880 12723721
12729646 12730528
12736477 12737364
12743107 12744028
12749772 12750697
12756515 12757393
12763435 12764346
12770205 12771108
12777075 12777937
12784120 12784962
12791385 12792216
12798791 12799664
12806015 12806924
12813160 12814029
12820325 12821207
12827611 12828491
12834976 12835845
12842389 12843256
12850033 12850939
12857566 12858491
12864922 12865877
12872443 12873403
12879793 12880772
12887187 12888183
12894444 12895416
12901765 12902751
12908887 12909918
12915845 12916912
12922821 12923884
12929999 12931104
12937357 12938460
12944538 12945622
12951802 12952936
12959327 12960502
12966755 12967918
12974022 12975171
12981452 12982564
12988907 12990062
12996216 12997373
13003340 13004509
13010575 13011715
13017763 13018884
13024781 13025861
13031842 13032890
13038723 13039790
13045713 13046773
13052772 13053798
13059949 13060944
13066870 13067822
13073731 13074723
13080445 13081422
13087284 13088245
13093862 13094817
13100297 13101289
13106605 13107610
13113072 13114120
13119343 13120359
13125736 13126748
13132143 13133187
13138751 13139777
13145412 13146442
13152003 13153064
13158466 13159514
13164794 13165891
13171155 13172296
13177637 13178773
13184296 13185444
13190924 13192109
13197340 13198479
13203813 13204993
13210446 13211671
13217130 13218359
13223648 13224851
13230161 13231339
13236744 13237941
13243253 13244488
13250049 13251263
13256874 13258121
13263630 13264879
13270405 13271665
13277190 13278441
13284161 13285379
13290894 13292159
13297452 13298705
13304064 13305365
13310569 13311889
13316945 13318315
13323136 13324535
13329528 13330947
13336081 13337478
13342816 13344235
13349394 13350807
13356030 13357462
13362604 13364050
13369291 13370717
13376085 13377520
13383090 13384548
13390042 13391538
13396996 13398452
13404016 13405464
13411073 13412551
13418235 13419670
13425436 13426905
13432801 13434310
13440348 13441833
13447842 13449357
13455181 13456724
13462696 13464217
13469952 13471446
13477112 13478560
13483986 13485424
13490784 13492269
13497584 13499065
13504481 13506012
13511638 13513201
13518912 13520438
13525942 13527448
13533054 13534599
13540134 13541717
13547381 13548930
13554387 13555944
13561211 13562721
13568142 13569681
13575116 13576683
13582269 13583879
13589257 13590860
13596007 13597602
13602614 13604177
13609248 13610829
13615723 13617283
13622117 13623706
13628359 13629917
13634770 13636316
13641051 13642577
13647065 13648598
13653185 13654674
13659405 13660888
13665756 13667272
13672067 13673627
13678547 13680103
13684945 13686462
13691182 13692650
13697518 13698975
13703696 13705125
13709745 13711203
13715831 13717291
13722026 13723458
13728180 13729651
13734538 13735984
13740813 13742241
13747221 13748674
13753418 13754867
13759608 13761023
13765901 13767355
13772001 13773417
13778042 13779445
13783844 13785285
13789906 13791326
13795829 13797226
13801504 13802904
13806933 13808284
13812355 13813694
13817751 13819136
13823021 13824420
13828199 13829636
13833539 13834969
13838866 13840287
13844293 13845670
13849540 13850924
13854647 13856081
13859567 13861014
13864539 13866028
13869793 13871300
13875077 13876575
13880558 13882084
13885927 13887406
13891071 13892553
13896333 13897862
13901828 13903403
13907164 13908713
13912562 13914153
13918129 13919685
13923605 13925162
13929051 13930566
13934409 13935887
13939546 13941004
13944559 13946004
13949788 13951190
13954987 13956350
13960264 13961660
13965482 13966898
13970605 13971972
13975471 13976877
13980580 13981980
13985551 13986959
13990630 13992070
13995549 13996948
14000279 14001725
14004808 14006298
14009134 14010606
14013401 14014845
14017657 14019076
14021915 14023351
14025980 14027451
14030034 14031502
14034097 14035572
14038155 14039615
14042063 14043505
14045834 14047300
14049699 14051136
14053762 14055214
14057882 14059303
14061983 14063453
14066109 14067533
14070325 14071729
14074454 14075812
14078657 14080063
14082770 14084224
14086955 14088363
14090859 14092221
14094837 14096161
14099016 14100300
14103027 14104355
14107205 14108528
14111462 14112769
14115562 14116824
14119754 14121036
14123776 14125031
14127968 14129188
14131961 14133143
14135737 14136959
14139796 14141011
14143802 14144972
14147869 14149075
14151877 14153086
14156000 14157254
14160070 14161357
14164217 14165498
14168337 14169593
14172633 14173895
14177029 14178294
14181330 14182555
14185368 14186612
14189406 14190607
14193448 14194631
14197682 14198822
14202010 14203162
14206564 14207673
14211013 14212095
14215684 14216747
14220424 14221438
14225144 14226197
14229886 14230984
14234776 14235876
14239502 14240600
14244100 14245199
14248692 14249777
14253327 14254376
14257960 14259055
14262686 14263753
14267532 14268621
14272267 14273338
14276773 14277805
14281340 14282419
14285945 14286975
14290273 14291310
14294570 14295655
14299137 14300240
14303885 14304965
14308635 14309712
14313563 14314656
14318526 14319593
14323504 14324534
14328568 14329581
14333844 14334877
14339256 14340310
14344553 14345618
14349670 14350765
14354932 14356043
14359980 14361057
14365215 14366257
14370302 14371391
14375283 14376387
14380132 14381220
14385158 14386246
14390164 14391287
14395258 14396383
14400140 14401292
14405178 14406362
14410401 14411596
14415504 14416725
14420868 14422040
14425972 14427151
14430931 14432086
14435968 14437172
14441258 14442453
14446770 14447955
14452385 14453579
14458193 14459372
14463838 14465042
14469467 14470626
14475273 14476385
14480971 14482112
14486476 14487568
14491856 14492977
14497373 14498456
14502742 14503823
14508086 14509204
14513532 14514606
14519005 14520104
14524360 14525473
14529577 14530740
14534814 14535971
14539986 14541176
14545127 14546312
14550070 14551263
14554874 14556110
14559796 14560993
14564754 14565990
14569957 14571201
14575138 14576355
14580235 14581475
14585337 14586596
14590378 14591597
14595159 14596376
14599734 14600931
14604212 14605427
14608824 14610052
14613646 14614854
14618425 14619659
14623252 14624503
14627998 14629295
14632568 14633835
14637256 14638539
14641733 14642971
14646375 14647615
14651078 14652309
14655695 14656903
14660350 14661526
14665068 14666204
14669631 14670779
14674366 14675547
14679263 14680423
14683992 14685153
14688558 14689672
14692978 14694082
14697413 14698552
14701671 14702850
14706153 14707282
14710522 14711668
14714917 14716081
14719203 14720346
14723441 14724587
14727766 14728893
14731905 14733056
14736024 14737208
14740048 14741281
14744160 14745396
14748370 14749592
14752799 14754006
14757021 14758257
14761203 14762447
14765224 14766450
14769319 14770529
14773377 14774578
14777590 14778833
14781668 14782930
14785686 14786924
14789781 14791034
14793851 14795069
14797748 14798945
14801605 14802806
14805486 14806640
14809323 14810457
14813339 14814491
14817398 14818514
14821571 14822708
14825596 14826738
14829401 14830534
14833130 14834267
14837015 14838189
14840775 14841933
14844446 14845565
14848106 14849199
14851979 14853104
14855804 14856884
14859562 14860682
14863323 14864430
14867283 14868402
14871348 14872475
14875203 14876290
14878804 14879881
14882293 14883388
14885958 14887071
14889706 14890868
14893432 14894623
14897218 14898379
14900865 14902042
14904591 14905743
14908380 14909536
14912149 14913286
14915821 14916992
14919742 14920903
14923758 14924907
14927685 14928867
14931792 14932931
14935722 14936850
14939441 14940524
14942914 14943978
14946380 14947403
14949680 14950674
14953123 14954130
14956803 14957857
14960523 14961533
14964055 14965096
14967744 14968795
14971215 14972290
14974705 14975821
14978182 14979276
14981472 14982531
14984872 14985932
14988188 14989292
14991517 14992601
14994959 14996077
14998670 14999818
15002542 15003678
15006459 15007620
15010350 15011527
15014181 15015385
15017896 15019053
15021501 15022680
15025342 15026480
15029229 15030359
15032916 15033999
15036444 15037565
15040079 15041176
15043687 15044800
15047168 15048289
15050888 15052026
15054539 15055718
15058261 15059458
15061851 15063008
15065591 15066760
15069165 15070312
15072595 15073747
15075972 15077162
15079378 15080615
15082827 15084022
15086402 15087554
15090018 15091217
15093795 15095019
15097626 15098811
15101647 15102799
15105865 15106970
15110237 15111388
15114510 15115664
15118665 15119835
15122944 15124136
15127401 15128574
15131868 15133032
15136362 15137573
15140752 15141955
15145363 15146526
15149759 15150916
15154040 15155194
15158388 15159513
15162621 15163792
15166703 15167861
15170977 15172166
15175193 15176409
15179485 15180668
15183636 15184835
15188011 15189170
15192527 15193724
15197017 15198206
15201256 15202448
15205534 15206747
15209824 15210988
15214294 15215430
15218606 15219760
15222736 15223936
15227154 15228311
15231332 15232452
15235319 15236450
15239105 15240197
15242674 15243797
15246420 15247564
15249977 15251096
15253307 15254450
15256880 15258043
15260433 15261586
15264159 15265291
15268061 15269208
15271846 15272993
15275417 15276549
15278960 15280118
15282680 15283802
15286281 15287398
15289661 15290729
15292876 15293975
15296066 15297212
15299234 15300347
15302555 15303631
15305750 15306804
15308818 15309876
15312116 15313201
15315626 15316701
15318990 15320060
15322400 15323457
15326032 15327061
15329654 15330669
15333045 15334056
15336562 15337556
15340149 15341153
15343757 15344763
15347390 15348433
15351082 15352150
15355037 15356111
15359028 15360093
15362888 15363972
15366737 15367773
15370360 15371429
15373969 15375040
15377736 15378822
15381650 15382710
15385531 15386629
15389232 15390303
15392753 15393825
15396196 15397262
15399792 15400834
15403238 15404248
15406457 15407483
15409731 15410777
15412951 15414024
15416100 15417180
15419251 15420333
15422432 15423532
15425857 15426944
15429157 15430256
15432344 15433433
15435756 15436844
15439180 15440316
15442476 15443612
15445812 15446963
15449084 15450209
15452570 15453742
15456271 15457492
15459881 15461071
15463643 15464817
15467522 15468721
15471476 15472710
15475301 15476568
15479007 15480226
15482796 15484062
15486420 15487684
15489799 15491016
15493339 15494592
15496692 15497965
15500274 15501513
15503770 15505009
15507179 15508381
15510691 15511941
15514047 15515262
15517599 15518833
15521035 15522312
15524590 15525910
15528089 15529369
15531367 15532606
15534595 15535850
15538059 15539338
15541651 15542921
15545064 15546322
15548310 15549559
15551599 15552866
15554869 15556123
15557961 15559174
15560941 15562196
15564012 15565284
15566961 15568273
15569780 15571100
15572357 15573702
15575045 15576420
15577810 15579214
15580778 15582140
15583797 15585182
15586907 15588288
15590247 15591654
15593719 15595096
15597124 15598452
15600271 15601598
15603543 15604894
15606595 15607940
15609828 15611220
15613225 15614615
15616589 15617944
15619886 15621236
15622945 15624334
15625795 15627200
15628726 15630082
15631508 15632862
15634469 15635807
15637307 15638649
15640045 15641366
15642594 15643885
15645305 15646631
15648102 15649449
15651118 15652456
15654301 15655608
15657460 15658731
15660631 15661944
15664030 15665329
15667478 15668812
15671069 15672374
15674676 15676022
15678087 15679414
15681333 15682674
15684626 15685974
15687915 15689257
15691018 15692381
15693992 15695309
15697069 15698431
15700263 15701669
15703539 15704904
15706696 15708035
15709940 15711306
15713103 15714426
15716034 15717368
15718786 15720143
15721776 15723178
15724778 15726165
15727673 15729069
15730411 15731786
15733300 15734717
15736265 15737725
15739411 15740872
15742742 15744191
15745957 15747391
15749319 15750761
15752485 15753975
15755537 15756991
15758491 15759983
15761586 15763097
15764537 15766054
15767329 15768842
15770223 15771775
15773364 15774878
15776353 15777846
15779290 15780762
15782244 15783697
15784959 15786450
15787926 15789377
15791099 15792515
15794140 15795597
15797136 15798610
15800221 15801664
15803063 15804506
15805758 15807185
15808403 15809835
15811018 15812442
15813716 15815181
15816621 15818092
15819537 15821039
15822455 15823991
15825566 15827070
15828795 15830332
15832025 15833540
15835342 15836907
15838461 15840074
15841465 15843071
15844425 15846060
15847334 15848979
15850260 15851869
15853116 15854704
15856148 15857716
15859312 15860908
15862622 15864226
15865714 15867288
15868913 15870489
15872287 15873826
15875607 15877169
15879053 15880635
15882580 15884198
15886372 15887992
15890106 15891693
15893682 15895261
15897246 15898797
15900670 15902171
15903985 15905500
15907101 15908660
15910052 15911644
15912860 15914414
15915398 15916973
15918136 15919746
15920750 15922378
15923365 15924997
15926057 15927709
15928874 15930540
15931628 15933254
15934496 15936097
15937164 15938766
15940010 15941624
15942687 15944281
15945281 15946862
15947693 15949295
15949901 15951494
15952074 15953649
15954008 15955633
15956111 15957695
15958391 15959979
15960847 15962457
15963221 15964804
15965807 15967390
15968500 15970089
15971304 15972883
15973949 15975531
15976536 15978168
15979375 15980972
15981992 15983638
15984516 15986203
15987076 15988732
15989731 15991349
15992194 15993808
15994658 15996227
15997283 15998846
15999685 16001215
16001813 16003335
16003924 16005445
16005844 16007408
16008012 16009592
16010044 16011648
16012228 16013806
16014481 16016083
16016685 16018321
16018897 16020529
16021155 16022761
16023566 16025190
16025876 16027464
16028159 16029787
16030537 16032160
16032728 16034343
16034721 16036354
16036878 16038488
16038909 16040556
16041052 16042689
16043191 16044866
16045479 16047170
16047634 16049355
16049950 16051623
16052354 16054006
16054655 16056345
16056993 16058702
16059343 16061038
16061808 16063471
16064200 16065825
16066405 16067987
16068400 16069955
16070390 16071959
16072491 16074056
16074773 16076366
16076867 16078457
16078871 16080469
16080745 16082339
16082404 16084039
16084280 16085892
16086199 16087809
16088018 16089616
16089898 16091447
16091741 16093270
16093496 16095055
16095288 16096820
16097289 16098804
16099502 16101043
16101642 16103226
16103769 16105395
16105748 16107354
16107551 16109200
16109534 16111170
16111309 16112983
16113112 16114807
16114828 16116480
16116521 16118163
16118189 16119799
16120045 16121652
16122103 16123727
16124362 16126012
16126697 16128329
16128933 16130528
16131027 16132648
16132907 16134560
16134812 16136454
16136879 16138500
16138904 16140524
16141077 16142671
16143331 16144972
16145527 16147154
16147765 16149353
16149815 16151403
16151792 16153331
16153831 16155416
16155765 16157359
16157828 16159390
16159751 16161305
16161661 16163239
16163822 16165407
16165898 16167458
16167812 16169407
16169697 16171250
16171434 16172944
16173132 16174635
16174898 16176435
16176712 16178291
16178495 16180077
16180218 16181789
16181947 16183560
16183961 16185532
16185883 16187456
16187851 16189407
16189917 16191473
16191741 16193278
16193307 16194868
16194943 16196541
16196741 16198379
16198498 16200148
16200174 16201835
16202032 16203711
16203733 16205433
16205481 16207220
16207459 16209233
16209287 16211109
16211202 16213039
16213314 16215156
16215444 16217323
16217590 16219434
16219454 16221305
16221323 16223221
16223323 16225190
16225208 16227091
16227191 16229028
16229367 16231224
16231580 16233462
16233915 16235832
16236131 16238071
16238437 16240379
16240612 16242591
16242982 16244979
16245431 16247383
16248006 16249937
16250748 16252660
16253351 16255275
16256051 16258017
16258808 16260780
16261647 16263615
16264425 16266378
16267231 16269165
16270036 16271960
16272919 16274853
16275905 16277855
16278758 16280687
16281673 16283567
16284507 16286358
16287482 16289292
16290627 16292481
16293840 16295648
16296907 16298704
16299794 16301575
16302901 16304714
16306105 16307926
16309429 16311228
16312970 16314772
16316359 16318132
16319594 16321388
16322891 16324720
16326266 16328128
16329823 16331673
16333534 16335431
16337492 16339395
16341397 16343320
16345445 16347391
16349580 16351520
16353848 16355756
16358154 16360060
16362308 16364259
16366540 16368479
16370962 16372875
16375308 16377258
16379497 16381435
16383457 16385357
16387297 16389150
16391182 16392997
16394861 16396662
16398750 16400601
16402544 16404362
16406210 16408024
16409848 16411667
16413686 16415473
16417670 16419419
16421825 16423524
16426048 16427731
16430392 16432081
16434543 16436262
16438943 16440704
16443447 16445164
16448091 16449795
16452566 16454314
16456911 16458649
16461459 16463208
16466078 16467861
16470794 16472595
16475757 16477601
16480907 16482736
16485852 16487668
16490693 16492528
16495554 16497386
16500311 16502151
16505323 16507194
16510440 16512352
16515365 16517240
16520133 16521968
16524800 16526649
16529708 16531552
16534706 16536545
16539611 16541407
16544340 16546179
16549012 16550834
16553688 16555514
16558198 16560045
16562727 16564615
16567494 16569368
16572387 16574306
16577213 16579127
16582009 16583909
16586720 16588597
16591607 16593438
16596637 16598513
16601563 16603437
16606260 16608110
16610857 16612719
16615698 16617568
16620482 16622312
16625435 16627261
16630203 16632003
16635029 16636856
16640117 16641952
16645311 16647176
16650335 16652230
16655517 16657371
16660500 16662363
16665602 16667415
16670774 16672541
16675927 16677665
16681251 16683035
16686764 16688575
16692484 16694343
16698349 16700219
16704468 16706304
16710622 16712486
16716762 16718610
16722866 16724704
16729074 16730919
16735228 16737078
16741219 16743050
16747372 16749224
16753531 16755427
16759909 16761783
16766364 16768226
16773001 16774896
16779440 16781296
16785685 16787493
16791897 16793675
16797948 16799750
16804223 16805985
16810355 16812112
16816692 16818436
16822804 16824570
16828991 16830721
16835273 16836980
16841668 16843352
16847798 16849474
16853855 16855524
16859836 16861472
16865828 16867420
16871683 16873320
16877552 16879209
16883379 16885063
16889376 16891026
16895441 16897042
16901596 16903226
16907692 16909277
16913954 16915562
16920259 16921821
16926526 16928116
16932645 16934212
16938650 16940257
16944820 16946427
16950863 16952436
16957067 16958647
16963066 16964682
16969054 16970690
16975277 16976939
16981590 16983232
16987921 16989522
16994456 16996093
17001028 17002670
17007724 17009371
17014190 17015796
17020628 17022238
17026857 17028436
17033005 17034621
17039080 17040698
17045074 17046668
17051058 17052698
17056974 17058636
17063102 17064734
17069337 17070949
17075785 17077402
17082106 17083721
17088586 17090162
17095187 17096781
17101586 17103184
17107759 17109318
17113939 17115452
17120269 17121828
17126630 17128173
17133078 17134589
17139584 17141110
17146071 17147561
17152564 17154017
17159024 17160503
17165354 17166815
17171581 17173055
17177706 17179161
17184004 17185499
17190128 17191593
17196182 17197635
17202359 17203774
17208621 17210011
17215064 17216439
17221560 17222970
17227891 17229320
17234071 17235521
17240318 17241764
17246360 17247822
17252225 17253690
17257896 17259321
17263685 17265108
17269303 17270769
17274825 17276311
17280182 17281680
17285599 17287054
17291217 17292624
17296907 17298314
17302699 17304119
17308725 17310139
17314858 17316222
17320906 17322235
17326680 17328038
17332457 17333853
17338383 17339808
17344425 17345819
17350305 17351709
17356218 17357670
17362299 17363800
17368192 17369706
17374346 17375877
17380318 17381806
17386276 17387751
17392141 17393656
17398257 17399784
17404243 17405756
17410275 17411747
17416341 17417863
17422528 17424028
17428593 17430094
17434904 17436438
17441271 17442827
17447795 17449343
17454119 17455633
17460270 17461778
17466574 17468076
17472885 17474375
17478983 17480426
17485179 17486670
17491350 17492837
17497483 17498948
17503445 17504906
17509165 17510609
17514881 17516309
17520603 17522064
17526523 17528007
17532296 17533749
17538051 17539522
17543979 17545405
17550112 17551571
17556256 17557755
17562281 17563761
17568490 17569923
17574718 17576191
17581063 17582490
17587334 17588731
17593527 17594885
17599630 17600945
17605620 17606973
17611417 17612757
17617172 17618508
17623004 17624365
17628985 17630364
17634748 17636173
17640760 17642159
17646792 17648183
17653035 17654460
17659369 17660811
17665550 17666964
17671899 17673281
17678389 17679750
17685011 17686326
17691665 17692990
17698539 17699825
17705429 17706689
17712537 17713837
17719858 17721122
17727277 17728524
17734571 17735829
17741820 17743085
17749124 17750382
17756618 17757925
17764295 17765585
17771766 17773079
17779267 17780551
17786566 17787888
17793816 17795169
17800864 17802248
17808143 17809555
17815223 17816671
17822363 17823790
17829465 17830939
17836768 17838215
17844259 17845700
17851798 17853273
17859170 17860616
17866654 17868146
17874407 17875937
17882138 17883627
17890057 17891540
17897761 17899212
17905499 17906933
17913150 17914587
17920596 17922013
17927839 17929247
17935307 17936692
17942698 17944055
17950008 17951397
17957296 17958671
17964521 17965926
17971606 17973030
17978801 17980189
17985739 17987103
17992710 17994072
17999484 18000849
18006465 18007858
18013368 18014719
18020128 18021508
18027072 18028485
18034248 18035688
18041303 18042772
18048486 18049962
18055890 18057355
18063395 18064844
18070712 18072196
18077843 18079300
18085007 18086424
18091948 18093336
18098985 18100380
18106218 18107579
18113609 18114946
18121139 18122487
18128920 18130313
18136976 18138350
18145252 18146599
18153414 18154766
18161541 18162897
18169831 18171142
18178094 18179438
18186541 18187919
18195047 18196423
18203685 18205110
18212522 18213989
18221344 18222813
18230364 18231864
18239203 18240709
18248098 18249566
18256870 18258311
18265648 18267070
18274634 18276074
18283413 18284892
18292414 18293893
18301655 18303182
18311017 18312495
18320480 18321917
18330102 18331548
18339779 18341175
18349241 18350633
18358811 18360199
18368577 18369946
18378351 18379685
18387946 18389238
18397716 18399034
18407563 18408891
18417329 18418663
18427108 18428439
18437108 18438464
18446933 18448288
18456969 18458364
18467152 18468535
18477095 18478486
18487213 18488558
18497270 18498620
18507361 18508716
18517315 18518698
18527444 18528831
18537433 18538814
18547281 18548661
18557221 18558599
18567200 18568606
18577006 18578426
18586674 18588058
18596346 18597771
18605870 18607276
18615376 18616815
18625099 18626578
18634971 18636442
18644993 18646493
18654843 18656357
18664692 18666184
18674663 18676165
18684663 18686200
18694781 18696354
18704799 18706399
18715037 18716598
18725155 18726737
18735432 18737038
18745500 18747112
18755440 18757022
18765126 18766671
18774646 18776187
18784352 18785886
18793865 18795381
18803465 18804936
18812959 18814459
18822585 18824080
18832295 18833743
18841917 18843371
18851545 18853028
18861087 18862524
18870578 18871982
18880216 18881668
18889683 18891133
18898943 18900345
18908182 18909610
18917373 18918760
18926294 18927693
18935056 18936496
18944093 18945581
18953005 18954476
18961743 18963170
18970456 18971842
18979276 18980621
18988191 18989531
18997189 18998488
19006034 19007324
19014840 19016109
19023796 19025088
19032538 19033792
19041100 19042380
19049560 19050879
19058204 19059549
19066672 19067994
19075164 19076470
19083703 19085057
19092106 19093420
19100538 19101890
19109090 19110478
19117823 19119196
19126352 19127715
19134906 19136262
19143566 19144875
19152395 19153690
19161445 19162762
19170344 19171644
19179118 19180399
19187887 19189172
19196827 19198119
19205576 19206896
19214197 19215499
19222869 19224127
19231586 19232861
19240292 19241562
19249029 19250309
19257673 19258986
19266103 19267444
19274608 19275976
19283378 19284718
19292272 19293577
19301345 19302631
19310623 19311891
19319721 19320967
19328675 19329894
19337807 19339043
19346738 19347998
19355587 19356854
19364514 19365776
19373469 19374742
19382566 19383855
19391629 19392934
19400784 19402093
19410148 19411473
19419463 19420756
19428774 19430074
19438253 19439552
19447906 19449235
19457582 19458897
19467044 19468404
19476388 19477731
19485881 19487209
19495218 19496560
19504734 19506057
19514113 19515425
19523485 19524808
19532854 19534132
19542363 19543656
19551979 19553317
19561595 19562973
19571172 19572589
19580808 19582218
19590309 19591757
19599891 19601289
19609342 19610778
19618627 19620045
19627938 19629401
19637124 19638616
19646202 19647680
19655331 19656779
19664484 19665921
19673458 19674846
19682587 19683970
19691781 19693143
19701019 19702405
19710509 19711862
19720003 19721393
19729291 19730655
19738707 19740102
19747996 19749385
19757174 19758529
19766447 19767802
19775700 19777055
19785100 19786436
19794583 19795920
19804177 19805548
19814020 19815424
19824090 19825537
19834349 19835792
19844427 19845821
19854700 19856047
19864715 19866036
19874890 19876259
19885170 19886577
19895536 19896902
19905884 19907239
19916180 19917575
19926277 19927647
19936221 19937574
19946154 19947495
19956102 19957485
19966072 19967474
19976133 19977491
19985982 19987323
19995599 19996913
20004970 20006238
20014539 20015812
20024279 20025589
20034127 20035429
20043842 20045185
20053558 20054924
20063432 20064780
20073454 20074768
20083660 20084974
20094083 20095436
20104625 20105986
20115145 20116483
20125646 20127014
20135999 20137366
20146464 20147877
20157011 20158401
20167376 20168733
20177538 20178871
20187558 20188893
20197654 20198940
20207542 20208857
20217281 20218572
20227065 20228394
20236863 20238152
20246509 20247833
20256000 20257289
20265321 20266654
20274491 20275842
20283593 20284982
20292542 20293953
20301330 20302757
20310089 20311472
20319004 20320398
20327691 20329134
20336516 20337973
20345513 20347004
20354684 20356215
20363986 20365566
20373353 20374911
20382712 20384320
20391927 20393498
20401305 20402921
20410958 20412586
20420796 20422403
20430486 20432110
20440207 20441865
20450113 20451740
20459794 20461423
20469495 20471112
20479274 20480904
20488826 20490490
20498384 20500000
20507885 20509453
20517174 20518778
20526406 20527964
20535491 20537008
20544370 20545898
20553265 20554805
20562243 20563830
20571164 20572787
20580273 20581850
20589410 20590981
20598677 20600296
20607997 20609656
20617562 20619201
20627133 20628822
20636567 20638213
20645920 20647558
20655223 20656884
20664473 20666122
20673470 20675083
20682212 20683854
20691158 20692797
20699859 20701459
20708514 20710150
20717007 20718624
20725387 20727049
20733999 20735651
20742697 20744350
20751348 20752968
20759907 20761503
20768573 20770127
20776975 20778537
20785221 20786739
20793599 20795103
20802151 20803692
20810719 20812241
20819069 20820589
20827282 20828833
20835363 20836923
20843573 20845146
20851604 20853144
20859527 20861070
20867450 20868947
20875572 20877026
20883491 20884916
20891355 20892732
20899295 20900663
20907459 20908813
20915409 20916718
20923341 20924670
20931151 20932517
20939153 20940500
20947207 20948569
20955316 20956685
20963562 20964897
20971824 20973127
20979822 20981163
20987722 20989094
20995502 20996869
21003047 21004423
21010613 21011939
21018107 21019474
21025670 21027012
21033256 21034557
21040970 21042251
21048730 21050035
21056375 21057688
21064163 21065435
21072116 21073383
21079949 21081193
21087760 21088993
21095476 21096725
21103115 21104369
21110836 21112103
21118406 21119697
21126247 21127528
21134237 21135471
21142110 21143368
21150110 21151358
21158289 21159527
21166521 21167721
21174874 21176054
21183213 21184416
21191790 21193041
21200433 21201707
21209233 21210531
21218269 21219605
21227394 21228773
21236791 21238207
21246166 21247558
21255701 21257141
21265069 21266531
21274597 21276041
21284034 21285464
21293630 21295025
21303023 21304370
21312451 21313838
21321831 21323250
21331436 21332855
21341210 21342627
21350954 21352348
21360705 21362144
21370407 21371851
21380235 21381662
21389805 21391241
21399273 21400722
21408728 21410216
21418156 21419625
21427607 21429114
21437204 21438731
21446808 21448376
21456426 21457992
21466170 21467688
21476016 21477580
21485806 21487357
21495744 21497307
21505583 21507182
21515668 21517240
21525693 21527230
21535640 21537133
21545552 21547092
21555653 21557218
21565972 21567515
21576416 21577987
21586879 21588458
21597515 21599081
21608329 21609906
21619014 21620564
21629799 21631378
21640692 21642288
21651559 21653152
21662663 21664250
21673594 21675183
21684427 21686011
21695061 21696604
21705716 21707212
21716389 21717885
21726985 21728507
21737736 21739269
21748498 21750029
21759317 21760856
21769961 21771452
21780687 21782215
21791514 21793069
21802293 21803811
21813066 21814538
21823856 21825358
21834797 21836263
21845907 21847335
21857214 21858662
21868527 21869951
21879641 21881090
21890672 21892112
21901792 21903242
21912815 21914216
21923908 21925280
21934936 21936310
21945881 21947221
21956782 21958095
21967837 21969191
21978918 21980279
21990238 21991646
22001706 22003067
22013073 22014452
22024294 22025633
22035324 22036636
22046077 22047345
22056958 22058215
22067741 22069043
22078759 22080056
22089778 22091121
22100988 22102319
22112003 22113359
22123210 22124566
22134195 22135545
22145075 22146404
22155911 22157203
22166664 22167942
22177358 22178657
22188037 22189375
22198757 22200064
22209320 22210651
22219754 22221036
22229973 22231300
22240000 22241337
22250068 22251392
22260031 22261350
22269891 22271172
22279854 22281146
22290007 22291320
22299939 22301273
22309645 22311013
22319450 22320828
22329382 22330803
22339387 22340777
22349523 22350925
22359471 22360864
22369297 22370739
22379249 22380681
22389181 22390645
22399353 22400824
22409344 22410859
22419568 22421124
22429885 22431447
22440305 22441917
22451018 22452653
22461790 22463452
22472388 22474082
22483130 22484790
22493706 22495324
22504417 22506032
22515160 22516798
22526021 22527691
22536869 22538555
22547558 22549220
22558060 22559689
22568675 22570264
22579363 22580989
22589940 22591517
22600631 22602195
22611151 22612673
22621789 22623332
22632375 22633929
22642910 22644449
22653247 22654811
22663602 22665134
22674019 22675546
22684476 22686033
22694775 22696317
22705219 22706764
22715619 22717208
22726214 22727853
22736690 22738318
22747063 22748645
22757604 22759218
22767951 22769557
22778438 22780019
22788709 22790256
22798731 22800240
22808469 22809976
22818452 22819931
22828350 22829860
22838189 22839708
22848186 22849663
22857977 22859420
22867705 22869191
22877495 22878971
22887134 22888598
22896871 22898324
22906495 22907974
22916068 22917497
22925568 22926961
22934816 22936200
22944215 22945647
22953749 22955144
22963023 22964388
22972237 22973599
22981553 22982932
22990847 22992195
23000012 23001349
23008963 23010328
23017759 23019083
23026407 23027737
23034940 23036243
23043400 23044699
23052053 23053401
23060734 23062037
23069550 23070808
23078487 23079700
23087500 23088741
23096429 23097699
23105147 23106427
23113919 23115173
23122428 23123702
23131073 23132314
23139696 23140893
23148451 23149649
23157070 23158236
23165870 23167037
23174784 23175981
23183777 23184993
23192847 23194066
23201955 23203177
23210834 23212071
23219585 23220841
23228556 23229784
23237438 23238653
23246465 23247712
23255607 23256831
23264724 23265944
23273717 23274901
23282638 23283799
23291365 23292570
23300072 23301239
23308928 23310055
23317844 23318982
23326877 23328018
23335769 23336911
23344765 23345944
23354044 23355176
23363326 23364456
23372709 23373886
23382075 23383286
23391634 23392859
23401239 23402489
23410682 23411927
23419882 23421106
23428949 23430214
23437860 23439141
23446872 23448175
23455700 23457003
23464285 23465616
23472981 23474273
23481642 23482908
23490188 23491482
23498903 23500204
23507546 23508844
23516427 23517769
23525145 23526522
23534081 23535424
23542819 23544211
23551739 23553122
23560703 23562118
23569577 23570993
23578290 23579721
23587028 23588423
23595632 23597060
23604158 23605598
23612879 23614329
23621623 23623071
23630254 23631745
23638965 23640468
23647593 23649065
23656090 23657579
23664786 23666254
23673680 23675148
23682515 23683943
23691489 23692902
23700535 23701928
23709759 23711202
23719000 23720475
23728099 23729600
23736998 23738473
23745886 23747317
23754528 23755951
23763282 23764699
23772277 23773705
23781407 23782825
23790551 23791999
23799734 23801225
23808745 23810244
23817987 23819463
23827393 23828884
23836755 23838215
23846201 23847702
23855686 23857156
23865164 23866656
23874645 23876090
23883977 23885380
23893037 23894454
23902134 23903528
23911086 23912518
23919979 23921455
23928702 23930220
23937220 23938693
23945915 23947406
23954596 23956117
23963110 23964608
23971671 23973135
23980027 23981486
23988230 23989722
23996374 23997856
24004315 24005760
24012444 24013862
24020449 24021897
24028282 24029759
24035897 24037413
24043701 24045197
24051397 24052936
24059039 24060546
24066545 24068011
24073850 24075327
24081081 24082568
24088369 24089847
24095749 24097201
24102987 24104470
24110224 24111691
24117551 24119001
24124745 24126164
24132089 24133539
24139494 24140947
24146803 24148283
24154285 24155763
24161953 24163445
24169573 24171107
24177105 24178627
24184750 24186305
24192414 24193970
24200028 24201596
24207635 24209171
24215184 24216747
24222879 24224394
24230432 24231949
24238022 24239494
24245354 24246777
24252739 24254199
24260096 24261549
24267353 24268784
24274815 24276282
24282347 24283829
24289699 24291227
24297096 24298666
24304583 24306114
24311874 24313362
24319184 24320708
24326312 24327845
24333343 24334830
24340363 24341861
24347506 24348990
24354477 24355978
24361358 24362833
24368016 24369473
24374518 24375963
24381120 24382567
24387790 24389280
24394435 24395927
24401209 24402747
24407956 24409463
24414708 24416265
24421481 24423019
24428461 24429953
24435560 24437084
24442733 24444240
24449809 24451331
24456809 24458310
24463816 24465340
24470747 24472318
24477839 24479434
24485199 24486803
24492457 24494071
24499586 24501201
24506905 24508509
24514171 24515781
24521315 24522898
24528412 24529959
24535417 24536980
24542591 24544116
24549600 24551082
24556436 24557951
24563162 24564671
24569782 24571338
24576208 24577718
24582440 24583901
24588478 24589897
24594699 24596156
24600775 24602198
24606693 24608083
24612437 24613862
24618267 24619719
24624292 24625703
24630402 24631768
24636702 24638043
24643197 24644570
24649622 24650993
24655926 24657257
24662397 24663748
24668958 24670349
24675336 24676678
24681463 24682789
24687547 24688920
24693910 24695261
24700078 24701427
24706335 24707663
24712642 24713954
24719058 24720408
24725363 24726669
24731844 24733160
24738150 24739509
24744549 24745920
24750884 24752260
24757217 24758637
24763628 24765080
24769835 24771303
24775995 24777508
24782419 24783914
24788867 24790356
24795318 24796788
24801972 24803416
24808404 24809837
24814599 24816025
24821020 24822488
24827404 24828851
24833719 24835143
24840141 24841548
24846409 24847796
24852900 24854335
24859208 24860689
24865485 24866958
24871641 24873133
24877797 24879293
24884032 24885522
24890249 24891745
24896706 24898204
24903322 24904792
24910120 24911636
24916870 24918402
24923678 24925249
24930541 24932093
24937178 24938688
24943654 24945149
24950189 24951723
24956779 24958297
24963454 24964973
24969947 24971423
24976638 24978087
24983291 24984697
24990136 24991580
24997262 24998714
25004543 25005973
25011631 25013110
25018949 25020450
25026508 25027973
25034054 25035511
25041428 25042836
25048938 25050302
25056588 25057976
25064048 25065452
25071610 25073019
25079087 25080506
25086778 25088228
25094509 25095944
25102115 25103570
25109506 25110985
25117074 25118583
25124715 25126237
25132430 25133952
25140348 25141862
25148381 25149908
25156206 25157694
25163938 25165392
25171738 25173208
25179350 25180771
25187020 25188392
25194681 25196045
25202401 25203722
25209918 25211236
25217374 25218730
25224929 25226239
25232440 25233737
25239927 25241186
25247497 25248733
25255189 25256445
25262985 25264271
25270798 25272109
25278704 25279971
25286759 25288076
25294963 25296270
25303184 25304464
25311593 25312899
25319878 25321152
25328023 25329323
25336083 25337385
25343976 25345313
25352128 25353457
25360073 25361355
25367722 25369001
25375242 25376515
25382683 25383981
25390126 25391403
25397375 25398653
25404567 25405885
25411955 25413285
25419303 25420616
25426439 25427705
25433572 25434820
25440695 25441978
25447988 25449309
25455435 25456795
25462825 25464220
25470332 25471758
25477965 25479428
25485552 25486973
25492886 25494318
25500453 25501918
25507940 25509380
25515410 25516846
25522895 25524375
25530593 25532049
25538315 25539774
25546037 25547468
25553634 25555061
25561179 25562565
25568473 25569855
25575609 25577020
25582930 25584339
25590316 25591679
25597794 25599146
25605375 25606681
25612744 25614013
25619888 25621194
25627231 25628547
25634627 25635897
25641788 25643034
25648938 25650153
25656076 25657261
25663228 25664455
25670344 25671531
25677284 25678429
25684220 25685356
25691277 25692399
25698346 25699489
25705516 25706656
25712495 25713644
25719651 25720834
25726593 25727780
25733533 25734751
25740680 25741944
25747802 25749046
25755022 25756228
25762329 25763571
25769842 25771070
25777144 25778330
25784509 25785672
25792089 25793251
25799833 25800984
25807559 25808747
25815183 25816345
25822757 25823884
25830225 25831309
25837473 25838597
25844605 25845760
25851892 25853057
25859065 25860212
25866371 25867471
25873601 25874707
25881017 25882092
25888466 25889532
25895821 25896920
25903224 25904366
25910439 25911541
25917564 25918709
25924868 25926032
25932342 25933512
25940000 25941140
25947513 25948623
25955035 25956141
25962304 25963450
25969379 25970477
25976610 25977682
25983719 25984811
25990782 25991893
25997894 25999038
26004996 26006125
26012070 26013202
26019219 26020394
26026162 26027383
26033268 26034508
26040265 26041524
26047155 26048452
26054148 26055400
26061243 26062521
26068431 26069722
26075738 26077003
26083176 26084409
26090707 26091892
26098014 26099202
26105378 26106585
26112737 26113987
26120034 26121285
26127280 26128523
26134383 26135669
26141592 26142858
26148729 26149964
26155955 26157221
26163193 26164478
26170591 26171907
26178038 26179346
26185403 26186744
26192968 26194346
26200510 26201857
26208012 26209393
26215632 26216966
26223360 26224704
26230978 26232303
26238714 26240007
26246609 26247892
26254541 26255846
26262284 26263583
26269913 26271173
26277412 26278716
26285094 26286416
26292632 26294004
26300148 26301523
26307660 26309013
26315112 26316442
26322687 26324047
26330413 26331816
26338114 26339496
26345956 26347317
26353800 26355205
26361702 26363147
26369768 26371262
26377807 26379266
26385854 26387294
26393661 26395052
26401211 26402591
26408538 26409882
26415936 26417271
26423447 26424755
26431068 26432369
26438816 26440153
26446358 26447666
26454019 26455373
26461866 26463203
26469558 26470896
26477398 26478737
26485286 26486673
26492981 26494318
26500464 26501793
26507761 26509109
26515080 26516410
26522545 26523909
26530194 26531561
26537673 26539075
26545168 26546581
26552613 26554061
26559861 26561328
26567095 26568594
26574608 26576072
26581852 26583363
26588967 26590451
26596193 26597679
26603615 26605072
26610863 26612315
26618168 26619632
26625654 26627152
26633335 26634833
26640992 26642503
26648857 26650320
26656621 26658044
26664480 26665901
26672308 26673683
26679950 26681313
26687815 26689215
26695966 26697370
26704242 26705694
26712721 26714147
26721349 26722767
26729789 26731224
26738226 26739700
26746653 26748083
26755092 26756497
26763575 26764952
26771787 26773210
26780184 26781655
26788528 26790005
26797058 26798491
26805704 26807121
26814534 26815994
26823550 26825013
26832684 26834130
26841567 26842988
26850178 26851607
26858947 26860342
26867731 26869112
26876694 26878032
26885608 26886983
26894493 26895863
26903264 26904615
26911965 26913272
26920840 26922191
26929853 26931189
26938772 26940062
26947578 26948848
26956489 26957783
26965527 26966821
26974620 26975883
26983803 26985115
26992815 26994170
27002116 27003476
27011257 27012619
27020176 27021575
27028951 27030380
27037849 27039323
27046801 27048282
27055971 27057468
