408 460
891 1129
1710 1917
2587 2891
3327 3449
4110 4207
4863 5019
5506 5661
6274 6431
6923 6982
7322 7427
7792 7811
7964 7995
8086 8190
8332 8498
8504 8531
8554 8766
8939 9315
9673 10069
10434 10660
10984 11371
11895 12126
12688 12813
13576 13824
14351 14671
15098 15525
15787 16268
16501 16900
17323 17823
18010 18549
18852 19489
19776 20544
20731 21394
21479 22312
22404 23078
23113 23924
24002 24904
24931 25809
25833 26720
26813 27897
28225 29205
29460 30303
30395 31237
31395 32040
32121 32721
32974 33704
33763 34532
34793 35390
35671 36152
36307 36915
37270 37897
38294 38755
39288 39901
40649 41130
41785 42383
42865 43383
43802 44379
44711 45137
45399 45848
45951 46281
46304 46702
46849 47070
47270 47662
47963 48542
48787 49219
49324 49918
49978 50586
50634 51094
51239 51716
51761 52426
52540 53295
53348 54025
54141 54707
54806 55341
55363 55818
55872 56265
56372 56903
57195 57790
57835 58239
58491 58994
59255 59813
59891 60571
60622 61286
61340 62078
62258 62997
63235 64081
64554 65487
65939 66975
67180 68280
68365 69558
69664 71005
71029 72439
72497 73837
73843 74991
75051 76120
76166 77215
77392 78411
78807 79784
79964 80971
81060 81961
82004 83003
83110 84113
84405 85543
85618 86804
87014 88155
88396 89554
89900 90903
91273 92390
92547 93809
93855 95235
95452 96707
97010 98227
98457 99832
99849 101305
101306 102884
103062 104690
104736 106233
106305 107894
108058 109500
109850 111186
111294 112815
112900 114388
114523 116100
116139 117521
117559 118906
118966 120339
120430 121915
121987 123432
123717 125112
125600 126801
127376 128499
128980 130170
130487 131861
132090 133616
133909 135358
135789 137171
137452 138855
138917 140338
140459 142023
142143 143897
144082 145996
146161 147987
148362 150354
150780 152691
152922 155022
155338 157239
157589 159455
159852 161879
162501 164503
164925 166728
167357 169282
169786 171898
172498 174720
175468 177603
178576 180804
181705 183983
185026 187237
188097 190465
191268 193530
194394 196498
197160 199157
199989 202035
203093 205242
206532 208696
209853 211885
212941 214894
215878 217658
218663 220466
221580 223447
224657 226389
227363 229083
230063 231717
232655 234493
235235 236992
237880 239683
240469 242230
243229 244867
245831 247418
248594 250135
251312 252793
254073 255398
256450 257969
258883 260517
261213 262739
263439 264851
265426 266857
267466 269074
269778 271449
272099 273683
274400 276152
276932 278608
279624 281364
282262 283982
284669 286478
287201 288949
289619 291336
291781 293642
293885 295920
296347 298432
298766 300888
301366 303576
303890 306074
306169 308428
308456 310768
310818 312946
313243 315278
315704 317926
318478 320543
321202 323354
323824 326151
326578 328761
329165 331533
331722 334152
334347 336884
337077 339543
339558 342048
342115 344431
344483 346775
346950 349360
349702 352293
352667 355235
355857 358621
359330 362197
362849 365862
366449 369439
369862 372950
373182 376371
376477 379751
379763 382961
383104 386203
386260 389502
389553 392905
393169 396341
396708 399916
400451 403459
403914 406820
407135 409992
410239 413022
413265 415858
416188 418749
419259 422018
422722 425595
426475 429531
430606 433513
434350 437080
437882 440499
441501 444006
445114 447595
448730 451358
452593 455089
456191 458765
459878 462520
463785 466401
467711 470362
471804 474361
475768 478182
479688 482178
483804 486434
487953 490703
492037 494937
496449 499432
501102 503897
505395 508261
509787 512625
514030 516760
517986 520632
521635 524177
525033 527757
528455 531034
531799 534421
535217 537727
538503 540822
541442 543747
544250 546627
547024 549593
550191 552851
553333 555914
556316 558719
559287 561681
562340 564649
565231 567685
568155 570689
571304 573827
574221 576661
576924 579417
579488 582052
582221 584594
584660 587067
587093 589689
589700 592343
592444 595071
595152 597671
597786 600332
600391 602874
603076 605619
605972 608445
608772 611212
611735 614302
614857 617573
618340 621104
621941 624668
625456 628318
628937 631702
632304 635263
635848 638915
639395 642314
642787 645624
646205 649163
649588 652624
652823 656000
656397 659434
659904 662901
663130 666025
666417 669302
669638 672437
672558 675206
675241 678062
678208 680868
680962 683689
683953 686819
686860 689906
689972 693108
693358 696529
696548 699782
699994 703253
703535 706625
707002 710233
710468 713713
713919 717270
717556 720811
720999 724125
724469 727567
728071 731071
731752 734568
735394 738350
738953 741922
742676 745497
746047 748681
749104 751727
751963 754632
754903 757543
757660 760214
760339 762759
762839 765441
765518 768137
768193 770815
771092 773739
773902 776515
776540 778953
779001 781456
781749 784018
784223 786389
786681 788716
788931 791098
791102 793303
793449 795742
796123 798368
798789 800844
801222 803099
803280 805005
805024 806737
806847 808499
808801 810524
810984 812886
813565 815513
816379 818288
818966 820793
821612 823628
824599 826582
827771 829771
831078 833126
834552 836477
837994 839776
841241 843002
844289 846173
847398 849336
850471 852226
853392 855125
856348 858028
859080 860846
862069 863723
864957 866674
867780 869572
870497 872336
873440 875259
876304 878015
879059 880888
882103 883860
885066 886652
887756 889474
890785 892449
893600 895415
896736 898449
899618 901209
902617 904376
905666 907508
909018 910762
912361 913942
915638 917292
919157 921008
922789 924809
926617 928702
930675 932842
935002 937329
939727 942205
944533 946938
949024 951393
953527 955715
957790 960112
961958 964357
966303 968704
970509 972956
974943 977568
979489 982011
984039 986427
988247 990531
992199 994462
996035 998106
999627 1001811
1003579 1005564
1007572 1009514
1011317 1013108
1014713 1016527
1017982 1019734
1021301 1023252
1024937 1026878
1028571 1030545
1032440 1034503
1036198 1038406
1040024 1042328
1043723 1046059
1047506 1049644
1050853 1053094
1054095 1056477
1057366 1059935
1061007 1063479
1064397 1066688
1067755 1070198
1071120 1073524
1074347 1076787
1077641 1080075
1080854 1083188
1083987 1086375
1087382 1089879
1090958 1093439
1094293 1096781
1097541 1100083
1100829 1103498
1104395 1107185
1107946 1110547
1111317 1113781
1114775 1117310
1118141 1120848
1121585 1124217
1125044 1127720
1128426 1131192
1131793 1134415
1135041 1137835
1138459 1141142
1141517 1144322
1144525 1147156
1147422 1149870
1150222 1152854
1153299 1155824
1156095 1158536
1158617 1160859
1160972 1163038
1163234 1165298
1165335 1167384
1167462 1169599
1169768 1171792
1171838 1173883
1174075 1176126
1176438 1178427
1178820 1180716
1181320 1183225
1183764 1185511
1186118 1187773
1188625 1190162
1191167 1192851
1193700 1195349
1196175 1197917
1198898 1200441
1201530 1202918
1204206 1205593
1206818 1208282
1209639 1211220
1212782 1214495
1216244 1218096
1219668 1221442
1223244 1224956
1226550 1228391
1229803 1231566
1232926 1234843
1236181 1238292
1239746 1241881
1243549 1245715
1247400 1249457
1250984 1253098
1254617 1256867
1258602 1260970
1262817 1264996
1266596 1268963
1270638 1272961
1274619 1276979
1278451 1280808
1282435 1284981
1286833 1289443
1291256 1293951
1295738 1298359
1300182 1302731
1304339 1306810
1308197 1310541
1311995 1314249
1315703 1318012
1319439 1321816
1323444 1326015
1327560 1330232
1331734 1334357
1336021 1338660
1340529 1343361
1345020 1347761
1349422 1352155
1353622 1356350
1357575 1360342
1361593 1364293
1365592 1368101
1369277 1371751
1372863 1375435
1376542 1379137
1380116 1382730
1383873 1386375
1387433 1389867
1390977 1393504
1394657 1397016
1398129 1400541
1401702 1403936
1405257 1407385
1408477 1410454
1411725 1413878
1415031 1417175
1418503 1420770
1422278 1424551
1425841 1428026
1429284 1431449
1432465 1434704
1435727 1437933
1439119 1441129
1442555 1444475
1445898 1447743
1449255 1451035
1452650 1454343
1455879 1457386
1458801 1460449
1461660 1463241
1464512 1466226
1467413 1468985
1470353 1471914
1473043 1474669
1475885 1477629
1479063 1480844
1482527 1484294
1486116 1487852
1489444 1491367
1493084 1495064
1496805 1498783
1500342 1502177
1503517 1505213
1506319 1508197
1509409 1511267
1512459 1514365
1515344 1517347
1518174 1520176
1520896 1522988
1523720 1525705
1526626 1528560
1529433 1531543
1532534 1534729
1535791 1538148
1538998 1541213
1542139 1544465
1545335 1547682
1548666 1551089
1551837 1554239
1555006 1557560
1558270 1560643
1561598 1563953
1565047 1567485
1568429 1570813
1571527 1573800
1574478 1576684
1577263 1579540
1580054 1582192
1582951 1584919
1585713 1587674
1588670 1590826
1592061 1594331
1595600 1597829
1599239 1601298
1602894 1604892
1606507 1608501
1610045 1611910
1613561 1615621
1617400 1619450
1621122 1623251
1624711 1626959
1628279 1630380
1631606 1633631
1634640 1636665
1637445 1639618
1640235 1642356
1642865 1645103
1645841 1647967
1648881 1651020
1651695 1653757
1654590 1656463
1657294 1659334
1660062 1662265
1662964 1665078
1665839 1667964
1668822 1670896
1671826 1673736
1674734 1676822
1677702 1679712
1680820 1683000
1684154 1686204
1687222 1689233
1690314 1692428
1693312 1695361
1696204 1698137
1698774 1700844
1701577 1703540
1704365 1706393
1707280 1709134
1709985 1711705
1712796 1714591
1715630 1717361
1718339 1720195
1721369 1723380
1724616 1726824
1728306 1730455
1731944 1734025
1735599 1737849
1739276 1741363
1742710 1744895
1746312 1748610
1749993 1752135
1753332 1755331
1756674 1758510
1760039 1762003
1763761 1765781
1767440 1769281
1770709 1772452
1773655 1775399
1776371 1778184
1778987 1780797
1781687 1783609
1784542 1786298
1787142 1788770
1789375 1791130
1791757 1793456
1794319 1795936
1796702 1798509
1799366 1801098
1801847 1803526
1804151 1805814
1806392 1808205
1808636 1810321
1810514 1812216
1812342 1813848
1813995 1815409
1815476 1816720
1816881 1818101
1818340 1819616
1819766 1821039
1821299 1822391
1822520 1823440
1823546 1824386
1824463 1825227
1825278 1825898
1825899 1826637
1826758 1827307
1827358 1828087
1828193 1829068
1829197 1829900
1830056 1830876
1830934 1831603
1831749 1832385
1832464 1833215
1833376 1834142
1834509 1835120
1835537 1836126
1836661 1837237
1838010 1838492
1839301 1839601
1840456 1840717
1841778 1842132
1843380 1843770
1844866 1845220
1846161 1846493
1847237 1847417
1848359 1848663
1849440 1849913
1850707 1851005
1851599 1851747
1852234 1852245
1852579 1852785
1853221 1853242
1853674 1853849
1854267 1854435
1854991 1855107
1855813 1855825
1856661 1856775
1857584 1857630
1858658 1858862
1860057 1860272
1861303 1861618
1862704 1863209
1864124 1864698
1865550 1866117
1866818 1867448
1868052 1868789
1869401 1870209
1871013 1871755
1872421 1873004
1873811 1874269
1875025 1875482
1876351 1876915
1877955 1878566
1879719 1880253
1881338 1881692
1882924 1883304
1884356 1884747
1885836 1886326
1887488 1887794
1889159 1889506
1891072 1891340
1892695 1893139
1894654 1895160
1896698 1897218
1898860 1899269
1900970 1901547
1903494 1904083
1906260 1906811
1909111 1909630
1912048 1912539
1914869 1915516
1917887 1918538
1920968 1921495
1923908 1924524
1926754 1927195
1929586 1930221
1932562 1932999
1935341 1935706
1938229 1938440
1941011 1941400
1943968 1944492
1946854 1947458
1949971 1950734
1953265 1953920
1956464 1956928
1959704 1960146
1963119 1963683
1966820 1967247
1970257 1970580
1973346 1973836
1976380 1976971
1979456 1980084
1982792 1983415
1986295 1986948
1989991 1990464
1993433 1993776
1996516 1996870
1999479 1999769
2002312 2002510
2005275 2005529
2008504 2008613
2011391 2011449
2014132 2014264
2017106 2017109
2020068 2020169
2023136 2023294
2026288 2026547
2029596 2029749
2032869 2033193
2036184 2036344
2039258 2039286
2042257 2042314
2045231 2045321
2048208 2048333
2051200 2051266
2054014 2054140
2057087 2057144
2060133 2060164
2063042 2063164
2065827 2066004
2068466 2068691
2071307 2071699
2074280 2074589
2077277 2077530
2080178 2080305
2083139 2083330
2085945 2085953
2088669 2088855
2091735 2091844
2094747 2094890
2097801 2097819
2100891 2100908
2103835 2103978
2107072 2107088
2110179 2110335
2113666 2113989
2117554 2117859
2121326 2121611
2125008 2125187
2128806 2128848
2132237 2132476
2135700 2135898
2139072 2139355
2142345 2142668
2145414 2145923
2148893 2149438
2152383 2152814
2155706 2156016
2158850 2159291
2161988 2162323
2165154 2165644
2168452 2168837
2171625 2172190
2174787 2175249
2177714 2178009
2180352 2180846
2183294 2183891
2186577 2187143
2189929 2190326
2192945 2193390
2195853 2196106
2198670 2198792
2201134 2201174
2203331 2203535
2205865 2206057
2208637 2208742
2211194 2211196
2213699 2213850
2216508 2216779
2219641 2219902
2222974 2223150
2226247 2226595
2229932 2230410
2233895 2234474
2238014 2238726
2242414 2243081
2246705 2247182
2250632 2251006
2254546 2255016
2258502 2259112
2262471 2263064
2266286 2266977
2270426 2271117
2274478 2275073
2278580 2279092
2282743 2283138
2286781 2287087
2290913 2291125
2294884 2295133
2298850 2299056
2303001 2303380
2307453 2307953
2311949 2312276
2316145 2316561
2320601 2320848
2324754 2324933
2328839 2328850
2332575 2332691
2336300 2336467
2339879 2340024
2343360 2343459
2346999 2347019
2350532 2350539
2354052 2354199
2357923 2358225
2361884 2361995
2365494 2365764
2369255 2369621
2373175 2373579
2377214 2377451
2381194 2381387
2385187 2385383
2389386 2389404
2393293 2393435
2397302 2397640
2401747 2402143
2406075 2406660
2410470 2410889
2414485 2414826
2418604 2418961
2422942 2423361
2427199 2427785
2431809 2432280
2436305 2436817
2440958 2441616
2445528 2446214
2449912 2450759
2454468 2455492
2459205 2460171
2464107 2465250
2469158 2470154
2473891 2474708
2478459 2479161
2482754 2483485
2487310 2487869
2491564 2492242
2496180 2496790
2500755 2501167
2505289 2505755
2510076 2510704
2515026 2515618
2519806 2520387
2524354 2524998
2528750 2529333
2532908 2533563
2537230 2538015
2541666 2542589
2546070 2546850
2550457 2551304
2554760 2555455
2558993 2559530
2563298 2563739
2567700 2568230
2572288 2572643
2576494 2576974
2580720 2581231
2584828 2585436
2588803 2589246
2592854 2593412
2597149 2597544
2601169 2601387
2604986 2605046
2608842 2608868
2612796 2612868
2616893 2616925
2620946 2620978
2624932 2625026
2629182 2629222
2633390 2633629
2638024 2638072
2642431 2642553
2647132 2647155
2651930 2652012
2656660 2656758
2661306 2661488
2666094 2666455
2670897 2671286
2675540 2675862
2680183 2680338
2684496 2684766
2689112 2689428
2693661 2693851
2698245 2698478
2702936 2703156
2707458 2707553
2711967 2712006
2716301 2716403
2720713 2720899
2725073 2725198
2729613 2729616
2733870 2733965
2737983 2737989
2742099 2742218
2746498 2746767
2751182 2751515
2756013 2756514
2761173 2761774
2766659 2767339
2772406 2772954
2777810 2778526
2783438 2784204
2789326 2790118
2795170 2796044
2801121 2801936
2807230 2807891
2813125 2813644
2818959 2819492
2824590 2824955
2830122 2830447
2835541 2835816
2840700 2840929
2846052 2846219
2851463 2851474
2856501 2856575
2861454 2861537
2866210 2866262
2870686 2870696
2874997 2875039
2879190 2879195
2883277 2883348
2887524 2887623
2891705 2891977
2896057 2896507
2900478 2900824
2904752 2905248
2909275 2909919
2913701 2914504
2918270 2919165
2922934 2924016
2927814 2928956
2932777 2934035
2937878 2938981
2942699 2943924
2947795 2949128
2952867 2954156
2957905 2959115
2963090 2964314
2968406 2969822
2973987 2975566
2979914 2981676
2986250 2987852
2992210 2994004
2998127 3000052
3004368 3006258
3010770 3012689
3017122 3019098
3023465 3025586
3029881 3031905
3036399 3038560
3043261 3045494
3050261 3052616
3057633 3060083
3065322 3067818
3073172 3075615
3080933 3083434
3088784 3091279
3096860 3099514
3105272 3107994
3114000 3116575
3122641 3125251
3131170 3133735
3139630 3142165
3147991 3150462
3156146 3158741
3164260 3166929
3172543 3175092
3180671 3183117
3188673 3191146
3196882 3199327
3205137 3207588
3213270 3215898
3221501 3224131
3229816 3232394
3238217 3240760
3246786 3249285
3255479 3258150
3264413 3267118
3273546 3276280
3282941 3285591
3292163 3294624
3301231 3303551
3309936 3312251
3318463 3320649
3326657 3328861
3334819 3337010
3342897 3345202
3351259 3353715
3359523 3361904
3367555 3369995
3375468 3378102
3383466 3386177
3391469 3394089
3399382 3401838
3406894 3409259
3414125 3416344
3421287 3423628
3428567 3431108
3435920 3438307
3443202 3445516
3450376 3452865
3457948 3460414
3465395 3467802
3472976 3475257
3480210 3482517
3487291 3489609
3494409 3496600
3501172 3503262
3507883 3509955
3514380 3516572
3520933 3523266
3527846 3530164
3534767 3536899
3541739 3543996
3548722 3551031
3555953 3558172
3563006 3565152
3570171 3572366
3577401 3579742
3584845 3587263
3592372 3594767
3599627 3602199
3607147 3609547
3614703 3616922
3621835 3624145
3628945 3631417
3636282 3638750
3643637 3646192
3651110 3653593
3658431 3660831
3665549 3667916
3672699 3675099
3679897 3682220
3687113 3689592
3694614 3697286
3702279 3704873
3710044 3712798
3718057 3720804
3725973 3728555
3733679 3736124
3741040 3743642
3748712 3751174
3756090 3758493
3763476 3766073
3771180 3773731
3778863 3781332
3786367 3788883
3793995 3796524
3801676 3804063
3809024 3811263
3816333 3818640
3823733 3825991
3831286 3833349
3838793 3840785
3846031 3848109
3853290 3855341
3860449 3862508
3867620 3869754
3874694 3876805
3881606 3883610
3888208 3890396
3894946 3897154
3901499 3903592
3907962 3909962
3914430 3916629
3921110 3923223
3927939 3929944
3934617 3936507
3941261 3942994
3947693 3949350
3954292 3955878
3960909 3962448
3967455 3968833
3973923 3975124
3980425 3981682
3986939 3988346
3993543 3994909
4000188 4001574
4006674 4007866
4013009 4014108
4019080 4020179
4025296 4026292
4031449 4032541
4037735 4038636
4043758 4044700
4050004 4050953
4056016 4056963
4062114 4062891
4068123 4069085
4074160 4075291
4080459 4081646
4086707 4087953
4092837 4094115
4099191 4100515
4105361 4106841
4111656 4113219
4118085 4119830
4124507 4126281
4131103 4132904
4137852 4139619
4144492 4146186
4151053 4152868
4157494 4159327
4163815 4165723
4170406 4172155
4177080 4178672
4183712 4185244
4190192 4191539
4196449 4197940
4202920 4204477
4209449 4210975
4216149 4217768
4222734 4224346
4229533 4231177
4236205 4237719
4242702 4244307
4249255 4251038
4255954 4257562
4262484 4264157
4269196 4270933
4276038 4277657
4282557 4283999
4288765 4290316
4294891 4296412
4301178 4302604
4307560 4308939
4313651 4315084
4319855 4321263
4326201 4327616
4332512 4333866
4338687 4339886
4344937 4346246
4351388 4352547
4357930 4359147
4364380 4365604
4370831 4371986
4377216 4378207
4383395 4384291
4389641 4390529
4395874 4396579
4402026 4402775
4408427 4409016
4414563 4415010
4420582 4420952
4426740 4427075
4432960 4433203
4439237 4439373
4445178 4445221
4450843 4450982
4456710 4456833
4462599 4462732
4468420 4468591
4474302 4474601
4480267 4480502
4486163 4486570
4492288 4492587
4498342 4498737
4504473 4504926
4510808 4511150
4516805 4517151
4522647 4523098
4528374 4529020
4534299 4535028
4540132 4540686
4545797 4546290
4551538 4551933
4557051 4557463
4562739 4562998
4568115 4568301
4573520 4573586
4578957 4578998
4584375 4584463
4590040 4590070
4595874 4596005
4601769 4601889
4607405 4607550
4612824 4613047
4618463 4618548
4624140 4624209
4629931 4630065
4635717 4635919
4641375 4641548
4646943 4647098
4652422 4652647
4657815 4657878
4663017 4663079
4668317 4668576
4673919 4674020
4679133 4679322
4684228 4684456
4689350 4689468
4694487 4694669
4699742 4699854
4704994 4705088
4710068 4710332
4715503 4715615
4720601 4720679
4725531 4725797
4730828 4731018
4735980 4736231
4741146 4741491
4746266 4746756
4751616 4752250
4757234 4757745
4762708 4763030
4768060 4768353
4773313 4773543
4778723 4779032
4784043 4784536
4789763 4790430
4795844 4796650
4802178 4802888
4808376 4809108
4814378 4815255
4820693 4821616
4827115 4827964
4833467 4834119
4839763 4840548
4846379 4847081
4853030 4853689
4859761 4860340
4866519 4867003
4872980 4873478
4879471 4880092
4886115 4886607
4892478 4892818
4898701 4899125
4905120 4905605
4911830 4912351
4918356 4918942
4925175 4925817
4932098 4932923
4939384 4940279
4946552 4947257
4953516 4954042
4960500 4960965
4967340 4967896
4974052 4974568
4980694 4981223
4987548 4988182
4994377 4995148
5001349 5002070
5008327 5008902
5015236 5015767
5022051 5022384
5028798 5029061
5035374 5035531
5041952 5042228
5048404 5048586
5054823 5055028
5061201 5061564
5067489 5068018
5073974 5074694
5080610 5081147
5087069 5087699
5093661 5094408
5100334 5101112
5107276 5108087
5114449 5115392
5121616 5122418
5128778 5129612
5136126 5136950
5143275 5144281
5150436 5151555
5157731 5158662
5164634 5165618
5171442 5172610
5178184 5179389
5184954 5186143
5191924 5193041
5198737 5199947
5205703 5206821
5212333 5213487
5218826 5220043
5225453 5226769
5232253 5233380
5238677 5239826
5245279 5246483
5251733 5252777
5258120 5259189
5264679 5265800
5271258 5272443
5277977 5279235
5284524 5285860
5291036 5292349
5297606 5298814
5304317 5305451
5310853 5311946
5317369 5318574
5323963 5325110
5330622 5331741
5337442 5338621
5344195 5345360
5350995 5352008
5357788 5358812
5364382 5365495
5370836 5372053
5377608 5378842
5384255 5385632
5391047 5392515
5398062 5399524
5405140 5406717
5412199 5413686
5419182 5420819
5426292 5428066
5433635 5435257
5441060 5442514
5448079 5449381
5454910 5456360
5461966 5463528
5469237 5470755
5476503 5477828
5483398 5484536
5490232 5491272
5496925 5497876
5503687 5504676
5510647 5511573
5517602 5518373
5524241 5525101
5530988 5531815
5537906 5538780
5544809 5545614
5551814 5552517
5558698 5559226
5565255 5565778
5572046 5572588
5579060 5579641
5585977 5586674
5592794 5593471
5599434 5600004
5606035 5606741
5612530 5613379
5618999 5619905
5625734 5626603
5632637 5633522
5639706 5640570
5646894 5647810
5654281 5655210
5661540 5662662
5669140 5670154
5676387 5677385
5683561 5684461
5690645 5691609
5697585 5698572
5704377 5705196
5711083 5711853
5717748 5718707
5724726 5725799
5731867 5732779
5738626 5739573
5745372 5746387
5752044 5752898
5758358 5759205
5764816 5765498
5771126 5771887
5777460 5778345
5784016 5785004
5790769 5791860
5797808 5799033
5805184 5806476
5812451 5813605
5819532 5820829
5826557 5828038
5833548 5834886
5840397 5841600
5847205 5848414
5854007 5855078
5860794 5861739
5867573 5868514
5874431 5875467
5881270 5882326
5888277 5889388
5895449 5896559
5902661 5903592
5909605 5910728
5916690 5917864
5923602 5924691
5930197 5931207
5936852 5937920
5943638 5944692
5950352 5951441
5957279 5958394
5964459 5965639
5971727 5972944
5979130 5980452
5986776 5987906
5994137 5995087
6001121 6001921
6007891 6008630
6014446 6014992
6020636 6021305
6027056 6027706
6033446 6033972
6039522 6040128
6045647 6046127
6051874 6052455
6057963 6058538
6064067 6064671
6069958 6070544
6075731 6076265
6081411 6082126
6087158 6087868
6092768 6093522
6098274 6099162
6103697 6104754
6109130 6110339
6114882 6115954
6120653 6121738
6126590 6127537
6132348 6133446
6138436 6139338
6144500 6145279
6150284 6151088
6156197 6157089
6162343 6163187
6168676 6169675
6175298 6176414
6181839 6182892
6188498 6189574
6195321 6196414
6202276 6203537
6209204 6210663
6216375 6218029
6223710 6225528
6230968 6232645
6238147 6239981
6245502 6247308
6252657 6254413
6259809 6261677
6266997 6269036
6274334 6276399
6281489 6283469
6288509 6290290
6295217 6296813
6301819 6303533
6308460 6310187
6315096 6316796
6321561 6323263
6328000 6329599
6334440 6336201
6340981 6342791
6347614 6349250
6353838 6355332
6359670 6360973
6365309 6366808
6371069 6372583
6376940 6378357
6382677 6383919
6388280 6389385
6393508 6394444
6398320 6399428
6403259 6404533
6408419 6409588
6413361 6414688
6418462 6419975
6423832 6425195
6429087 6430407
6434098 6435299
6439095 6440242
6443896 6445228
6449108 6450640
6454473 6455842
6459448 6460795
6464537 6465713
6469641 6470981
6475002 6476379
6480621 6482026
6486447 6488024
6492242 6493693
6498108 6499382
6503874 6505107
6509407 6510591
6515010 6516054
6520247 6521217
6525182 6526321
6530040 6531171
6534739 6535820
6539482 6540683
6544200 6545217
6548938 6550053
6553801 6554762
6558409 6559396
6563285 6564328
6568411 6569451
6573608 6574536
6578679 6579789
6583792 6584723
6588881 6589932
6594295 6595412
6599938 6600896
6605201 6605963
6610051 6610672
6614605 6615175
6618953 6619603
6623600 6624112
6628236 6628632
6632599 6632952
6637121 6637277
6641222 6641431
6645254 6645541
6649404 6649708
6653438 6653818
6657335 6657714
6661332 6661800
6665576 6666153
6669846 6670610
6674452 6675389
6679030 6679890
6683586 6684574
6688344 6689438
6693393 6694313
6698069 6698897
6702781 6703433
6707170 6707864
6711820 6712666
6716376 6717397
6721283 6722132
6726101 6727016
6731129 6731849
6736042 6736574
6741010 6741503
6745946 6746553
6751082 6751613
6756226 6756948
6761791 6762567
6767377 6768273
6773293 6774160
6779203 6780156
6785184 6786243
6791167 6792166
6797265 6798290
6803582 6804659
6809750 6810654
6815715 6816789
6821929 6823000
6828162 6829047
6834412 6835162
6840696 6841407
6846928 6847479
6852924 6853315
6858825 6859172
6864544 6865058
6870204 6870877
6875796 6876368
6881261 6882010
6886835 6887677
6892719 6893582
6898559 6899323
6904549 6905248
6910468 6911325
6916710 6917420
6922772 6923656
6929102 6930167
6935746 6936975
6942599 6943668
6949219 6950448
6956217 6957342
6962940 6964065
6969648 6970760
6976193 6977348
6982697 6983834
6989364 6990311
6995642 6996572
7001711 7002492
7007785 7008373
7013839 7014403
7019994 7020502
7026232 7026851
7032571 7033107
7038969 7039684
7045701 7046411
7052494 7053394
7059294 7060249
7066256 7067106
7073035 7073988
7079800 7080583
7086508 7087223
7093320 7094225
7100554 7101287
7107839 7108616
7115214 7115934
7122624 7123390
7129980 7130897
7137459 7138341
7145062 7145851
7152501 7153421
7160307 7161199
7167955 7168813
7175442 7176375
7182779 7183680
7189874 7190588
7196786 7197419
7203717 7204284
7210531 7210940
7217063 7217596
7223781 7224320
7230657 7231302
7237774 7238427
7244952 7245551
7252018 7252536
7259237 7259611
7266507 7266967
7273820 7274412
7281285 7282002
7288738 7289367
7295971 7296728
7303228 7304150
7310505 7311545
7317807 7318670
7324786 7325812
7331919 7332904
7339004 7339878
7346225 7347071
7353274 7354247
7360294 7361437
7367249 7368565
7374276 7375424
7380968 7382047
7387532 7388628
7393994 7395019
7400220 7401427
7406400 7407473
7412337 7413380
7418064 7419235
7423980 7425054
7429569 7430768
7435313 7436341
7440834 7442021
7446683 7447959
7452428 7453794
7458472 7459804
7464451 7465751
7470440 7471545
7476016 7477205
7481649 7482980
7487301 7488639
7493043 7494320
7498607 7500026
7504333 7505590
7510107 7511434
7515852 7517266
7521905 7523317
7528192 7529666
7534465 7535760
7540807 7542042
7546923 7548184
7553235 7554441
7559419 7560761
7565612 7567010
7571771 7573129
7577929 7579368
7584229 7585747
7590399 7591825
7596469 7597874
7602514 7604092
7608819 7610463
7615068 7616904
7621553 7623323
7628021 7629772
7634463 7636210
7640974 7642737
7647359 7649133
7653540 7655487
7659734 7661700
7665980 7668080
7672555 7674784
7679451 7681713
7686534 7688779
7693775 7696219
7701133 7703664
7708710 7711404
7716271 7718953
7723852 7726544
7731482 7734032
7738935 7741605
7746498 7749334
7754366 7757039
7762186 7764803
7770094 7772803
7778171 7781079
7786259 7789215
7794152 7797305
7802278 7805306
7810284 7813272
7818130 7820921
7825728 7828478
7833353 7836201
7841275 7843974
7849188 7851767
7857185 7859867
7865148 7867920
7873121 7875771
7881137 7883751
7888927 7891582
7896594 7899190
7904309 7907101
7912289 7914890
7920061 7922594
7927840 7930319
7935359 7937919
7942867 7945548
7950482 7953173
7958039 7960901
7965869 7968556
7973558 7976246
7981294 7984038
7988958 7991826
7996769 7999626
8004607 8007347
8012390 8015247
8020479 8023165
8028217 8030851
8035786 8038232
8043103 8045578
8050200 8052658
8057450 8059977
8064577 8067241
8071647 8074256
8078561 8081058
8085441 8088091
8092361 8095103
8099562 8102371
8107000 8109899
8114539 8117476
8122206 8125313
8130249 8133476
8138277 8141628
8146601 8150150
8155127 8158656
8163780 8167194
8172295 8175714
8180787 8184339
8189628 8193198
8198481 8201874
8207175 8210582
8216106 8219383
8224995 8228455
8234106 8237487
8243141 8246356
8252122 8255357
8261143 8264245
8269946 8273012
8278674 8281714
8287520 8290453
8296371 8299129
8305076 8307858
8313790 8316646
8322460 8325225
8330883 8333473
8339216 8341984
8347976 8350552
8356728 8359446
8365483 8368212
8374027 8376942
8382600 8385578
8390994 8394022
8399233 8402372
8407547 8410702
8415849 8419180
8424403 8427537
8432712 8435738
8440695 8443600
8448698 8451512
8456450 8459408
8464219 8467283
8472130 8475024
8480039 8483007
8488151 8491302
8496417 8499587
8504732 8508060
8513165 8516633
8521839 8525473
8530822 8534371
8539758 8543333
8548860 8552466
8558053 8561475
8567207 8570504
8576273 8579647
8585329 8588766
8594354 8597799
8603333 8606723
8612473 8615832
8621758 8625309
8631433 8634787
8640679 8643874
8649760 8653133
8658896 8662467
8668262 8671633
8677197 8680458
8686182 8689401
8695265 8698359
8704268 8707170
8713263 8716187
8722327 8725218
8731466 8734488
8740647 8743794
8749736 8753023
8758950 8762076
8768225 8771279
8777229 8780197
8786220 8789166
8795216 8798235
8804215 8807120
8813332 8816427
8822736 8825938
8832407 8835596
8842314 8845649
8852336 8855491
8861945 8865191
8871512 8874778
8880931 8884355
8890741 8894236
8900441 8904023
8910127 8913571
8919820 8923174
8929381 8932779
8938742 8942176
8948199 8951828
8958079 8961642
8968114 8971670
8977978 8981357
8987418 8990827
8996977 9000395
9006690 9010037
9016304 9019542
9025872 9029101
9035431 9038684
9045151 9048448
9054690 9058083
9064336 9067578
9073916 9076986
9083080 9086127
9092155 9095282
9101377 9104692
9110654 9113895
9119644 9123061
9128809 9132321
9137967 9141412
9146829 9150467
9156098 9159577
9165084 9168447
9174119 9177455
9183238 9186692
9192626 9196245
9202391 9205920
9212257 9215931
9222433 9225910
9232548 9236212
9242649 9246368
9252709 9256399
9262524 9266202
9272115 9275769
9281724 9285498
9291214 9294794
9300429 9303952
9309554 9313127
9318938 9322352
9328303 9331544
9337631 9340932
9347000 9350210
9356199 9359589
9365460 9368939
9374983 9378304
9384255 9387404
9393477 9396591
9402769 9405924
9411972 9415188
9421225 9424639
9430581 9434014
9439925 9443551
9449441 9453193
9459150 9462853
9468947 9472760
9479010 9482661
9488860 9492635
9498840 9502698
9509023 9512726
9518913 9522633
9528608 9532485
9538700 9542609
9548738 9552545
9558630 9562266
9568260 9571992
9578096 9581898
9588208 9592063
9598494 9602528
9609062 9613068
9619520 9623662
9630109 9634427
9641082 9645333
9652119 9656410
9663303 9667773
9674747 9679393
9686258 9690871
9697873 9702569
9709447 9714132
9721252 9726084
9733326 9738349
9745618 9750617
9757900 9763046
9770379 9775608
9782990 9788319
9795453 9800671
9807864 9813213
9820256 9825597
9832798 9838041
9845015 9850240
9857251 9862427
9869451 9874461
9881284 9886265
9893039 9898153
9904773 9909816
9916541 9921654
9928561 9933819
9940937 9946161
9953481 9958885
9965991 9971585
9978790 9984290
9991416 9997113
10004042 10009661
10016420 10021924
10028455 10034090
10040564 10046326
10052651 10058250
10064425 10069984
10075916 10081400
10087407 10092843
10098852 10104458
10110471 10116256
10122224 10128072
10133857 10139580
10145247 10151168
10156872 10162817
10168477 10174586
10180283 10186251
10191903 10197738
10203516 10209423
10215333 10221140
10226823 10232798
10238721 10244582
10250596 10256454
10262343 10268276
10274245 10280227
10286002 10291922
10297885 10303884
10309928 10316111
10321976 10328116
10333766 10340031
10345500 10351797
10357256 10363417
10368902 10375255
10380988 10387227
10392771 10398880
10404353 10410511
10416097 10422150
10427635 10433532
10439251 10445020
10450864 10456462
10462197 10467934
10473741 10479558
10485480 10491108
10497056 10502743
10508693 10514413
10520414 10526026
10532130 10537878
10543835 10549619
10555443 10561339
10567321 10573195
10579285 10585120
10591192 10597070
10603245 10609051
10615176 10621129
10627111 10633037
10639112 10644969
10650889 10656904
10662717 10668650
10674493 10680393
10686292 10692361
10698232 10704418
10710290 10716471
10722296 10728631
10734213 10740379
10745878 10752183
10757435 10763610
10768716 10774702
10779829 10785989
10790873 10796892
10802023 10808158
10813132 10819459
10824653 10830980
10836268 10842522
10847900 10854256
10859755 10866119
10871638 10877857
10883246 10889297
10894714 10900592
10906203 10912048
10917598 10923599
10928925 10934875
10940279 10946299
10951847 10957753
10963210 10969070
10974338 10980180
10985481 10991480
10996640 11002575
11007800 11013785
11019009 11025073
11030267 11036270
11041330 11047473
11052410 11058714
11063476 11069692
11074268 11080649
11085190 11091764
11096412 11102830
11107334 11113710
11118350 11124718
11129169 11135642
11140161 11146532
11151291 11157640
11162627 11169165
11173994 11180685
11185288 11191982
11196533 11203070
11207862 11214534
11219567 11226349
11231240 11237901
11243013 11249814
11254766 11261705
11266756 11273588
11278759 11285504
11290455 11297310
11302205 11309010
11314084 11320831
11325855 11332531
11337724 11344421
11349543 11356392
11361607 11368544
11373700 11380655
11385893 11392658
11397702 11404533
11409520 11416381
11421585 11428263
11433446 11440290
11445657 11452614
11457940 11464827
11470078 11476878
11482302 11489107
11494317 11500962
11505972 11512455
11517655 11524161
11529258 11535899
11540781 11547448
11552186 11558686
11563578 11570014
11574726 11581005
11585965 11592133
11597066 11603399
11608344 11614706
11619620 11626083
11631103 11637387
11642417 11648871
11653948 11660354
11665246 11671543
11676652 11683135
11688412 11695035
11700203 11706723
11711843 11718205
11723450 11729853
11735151 11741711
11747147 11753672
11759357 11766015
11771776 11778385
11784316 11790831
11796836 11803368
11809309 11815928
11821761 11828221
11834009 11840446
11846041 11852614
11858046 11864711
11870107 11876696
11882040 11888698
11894093 11900685
11905950 11912655
11917739 11924563
11929843 11936756
11942191 11949046
11954424 11961444
11966614 11973711
11979084 11986008
11991472 11998514
12003925 12011043
12016419 12023360
12028967 12036035
12041520 12048533
12053787 12060695
12065855 12072669
12078052 12085026
12090292 12097167
12102362 12109097
12114135 12120770
12125946 12132446
12137555 12143984
12148967 12155354
12160525 12167019
12172074 12178382
12183437 12189602
12194500 12200712
12205505 12211573
12216408 12222379
12227278 12233149
12238186 12244005
12248840 12254472
12259410 12264858
12269817 12275214
12280237 12285787
12290913 12296263
12301379 12306726
12311727 12317083
12322096 12327581
12332735 12338114
12343218 12348501
12353418 12358609
12363751 12369086
12374057 12379551
12384414 12389995
12394772 12400256
12404922 12410331
12415218 12420811
12425704 12431144
12436030 12441314
12446140 12451478
12456499 12461640
12466669 12471775
12476611 12481916
12486986 12492254
12497562 12503011
12508554 12514080
12519869 12525593
12531221 12536793
12542481 12548123
12553956 12559588
12565337 12570859
12576721 12582361
12588226 12593824
12599775 12605383
12611437 12617081
12623157 12628626
12634460 12639981
12645847 12651359
12657066 12662565
12668202 12673591
12679343 12684569
12690479 12695738
12701713 12706921
12713019 12718386
12724568 12730023
12736417 12741981
12748530 12753923
12760509 12766065
12772544 12778295
12784590 12790160
12796654 12802280
12808982 12814784
12821515 12827192
12834062 12839723
12846529 12852134
12858748 12864497
12871010 12876650
12883065 12888656
12895075 12900555
12907008 12912652
12919139 12924905
12931158 12937089
12943181 12949279
12955609 12961834
12968373 12974519
12981268 12987554
12994234 13000620
13007483 13013997
13020728 13027431
13033927 13040650
13047040 13053940
13060410 13067272
13073595 13080466
13086768 13093615
13099686 13106621
13112666 13119565
13125563 13132308
13138109 13144830
13150749 13157360
13163448 13170010
13175944 13182550
13188733 13195213
13201440 13207995
13214429 13220902
13227531 13234052
13240436 13247117
13253407 13260006
13266509 13272924
13279519 13285836
13292601 13299071
13305705 13312018
13318811 13325030
13331925 13338043
13345135 13351445
13358659 13364946
13372298 13378674
13385824 13392288
13399341 13405995
13412827 13419567
13426604 13433470
13440359 13447321
13454121 13460919
13467590 13474418
13480970 13487949
13494469 13501644
13508266 13515560
13522197 13529299
13536127 13543116
13549805 13556632
13563190 13569935
13576570 13583282
13589701 13596295
13602694 13609109
13615408 13621954
13628353 13634708
13641145 13647410
13653652 13660074
13666321 13672785
13678875 13685469
13691669 13698244
13704299 13710822
13716780 13723484
13729438 13736019
13741983 13748399
13754383 13760618
13766703 13772959
13778966 13785163
13791355 13797667
13803965 13810444
13816643 13823281
13829711 13836183
13842595 13849148
13855789 13862326
13869139 13875526
13882146 13888369
13894822 13900857
13907186 13913290
13919388 13925529
13931551 13937744
13943684 13949800
13955562 13961635
13967624 13973666
13979671 13985799
13991600 13997926
14003608 14009757
14015572 14021556
14027301 14033209
14038767 14044558
14049899 14055671
14061228 14066977
14072653 14078445
14084143 14089975
14095666 14101480
14107344 14113219
14118944 14124639
14130531 14136093
14141867 14147324
14153297 14158719
14164472 14170074
14175676 14181121
14186893 14192325
14198182 14203502
14209487 14214708
14220661 14225721
14231756 14236750
14242754 14247921
14253928 14258993
14265054 14269952
14275980 14281018
14287056 14292088
14298167 14303195
14309282 14314478
14320789 14326087
14332617 14337990
14344688 14350247
14357051 14362490
14369208 14374521
14381126 14386521
14392960 14398377
14404928 14410154
14416846 14422004
14428778 14433807
14440632 14445695
14452352 14457321
14463945 14468991
14475651 14480763
14487292 14492233
14498619 14503518
14509666 14514584
14520791 14525738
14531852 14536933
14542806 14547906
14553907 14558808
14564560 14569264
14575143 14579765
14585862 14590599
14596744 14601664
14607991 14612994
14619438 14624395
14630699 14635802
14642106 14647318
14653598 14658943
14665032 14670514
14676731 14682098
14688426 14693911
14700339 14705865
14712081 14717535
14723971 14729326
14735913 14741119
14747575 14752912
14759327 14764570
14770904 14776126
14782421 14787446
14793807 14798688
14804845 14809562
14815660 14820333
14826452 14830944
14837264 14841819
14848316 14853058
14859435 14864036
14870358 14874764
14881134 14885562
14891805 14896317
14902551 14907191
14913338 14917827
14924029 14928431
14934462 14939048
14945027 14949556
14955593 14960177
14966053 14970822
14976465 14981201
14986711 14991527
14997282 15002191
15007700 15012565
15018166 15022908
15028653 15033443
15038949 15043627
15049330 15053941
15059395 15063976
15069448 15074120
15079841 15084548
15090024 15094603
15100052 15104811
15110169 15114834
15120195 15124988
15130368 15134984
15140334 15144803
15150004 15154513
15159516 15164162
15169075 15173884
15178660 15183543
15188125 15192961
15197614 15202536
15206958 15211941
15216569 15221458
15226327 15231113
15235979 15240685
15245486 15250045
15255087 15259635
15264826 15269190
15274417 15278681
15283931 15288124
15293594 15297766
15303081 15307336
15312839 15317249
15322840 15327069
15332769 15336802
15342284 15346492
15351839 15355985
15361423 15365452
15370691 15374917
15380234 15384330
15389780 15394064
15399552 15403945
15409450 15413871
15419417 15423707
15429234 15433557
15439095 15443525
15448869 15453441
15458639 15463161
15468352 15472910
15478181 15482829
15487862 15492456
15497418 15501864
15506694 15511194
15515872 15520372
15524873 15529296
15533549 15538036
15542373 15546929
15551156 15555768
15559982 15564728
15569010 15573814
15578056 15582664
15586722 15591470
15595355 15599926
15603794 15608559
15612659 15617336
15621423 15626183
15630395 15635327
15639487 15644579
15648608 15653733
15657685 15662816
15666614 15671704
15675584 15680654
15684551 15689634
15693526 15698753
15702672 15707917
15712028 15717318
15721202 15726631
15730502 15735838
15739671 15744937
15748877 15753973
15758025 15762923
15766926 15771760
15775584 15780444
15784419 15789102
15792885 15797701
15801685 15806488
15810708 15815547
15819888 15824870
15829377 15834470
15839149 15844256
15848948 15854057
15858600 15863868
15868419 15873659
15878114 15883428
15887871 15893382
15897651 15903149
15907229 15912607
15916638 15921919
15926066 15931500
15935824 15941293
15945585 15951040
15955327 15960590
15964729 15969876
15974011 15979194
15983552 15988917
15993250 15998609
16002857 16008207
16012608 16017831
16022213 16027467
16031720 16036839
16040940 16045978
16049864 16054834
16058893 16063784
16068045 16072932
16077263 16082201
16086549 16091335
16095647 16100498
16104951 16109708
16114116 16118849
16123382 16127948
16132672 16137149
16141981 16146306
16151046 16155391
16160370 16164885
16170005 16174605
16179657 16184298
16189229 16193772
16198621 16203203
16208082 16212717
16217541 16222017
16226607 16230956
16235698 16240068
16244597 16248856
16253365 16257558
16261946 16266269
16270862 16275340
16279994 16284336
16289070 16293366
16298138 16302398
16307109 16311322
16316227 16320526
16325530 16329637
16334494 16338662
16343583 16347698
16352625 16356863
16361832 16366087
16371086 16375319
16380537 16384959
16390253 16394786
16400319 16404677
16410340 16414755
16420618 16424929
16430695 16435049
16440652 16445031
16450442 16454654
16460195 16464393
16470045 16474438
16480204 16484469
16490067 16494461
16499972 16504364
16509635 16514176
16519483 16523831
16528936 16533124
16538467 16542716
16547889 16551988
16557337 16561308
16566710 16570630
16576216 16580062
16585893 16589925
16595670 16599864
16605792 16610137
16616080 16620463
16626538 16631012
16637097 16641725
16647849 16652427
16658642 16663394
16669464 16674349
16680405 16685236
16691098 16695828
16701840 16706623
16712486 16717259
16723345 16727971
16733995 16738819
16745089 16749756
16756084 16760750
16767281 16771781
16778360 16783004
16789624 16794432
16801278 16806039
16812799 16817442
16824211 16828837
16835378 16839960
16846310 16850702
16856843 16861306
16867479 16872009
16877971 16882451
16888392 16893016
16899123 16903794
16909748 16914241
16919992 16924314
16930313 16934448
16940474 16944437
16950354 16954332
16960492 16964385
16970767 16974567
16980951 16984679
16991172 16995052
17001535 17005601
17011859 17015970
17022158 17026239
17032201 17036407
17042198 17046439
17052333 17056506
17062198 17066197
17071720 17075775
17081418 17085568
17091328 17095615
17101480 17105737
17111826 17116105
17121960 17126119
17132206 17136362
17142283 17146246
17152339 17156167
17162241 17165904
17171910 17175523
17181736 17185474
17191656 17195543
17201555 17205347
17211398 17215099
17221096 17224762
17230838 17234502
17240623 17244376
17250297 17253859
17259926 17263563
17269405 17272992
17278619 17282320
17288027 17291635
17297239 17300800
17306572 17310132
17315884 17319291
17325115 17328640
17334482 17337811
17343574 17347040
17352625 17356093
17361550 17364870
17370198 17373473
17378638 17381907
17387296 17390595
17395734 17399137
17404237 17407464
17412628 17415821
17421051 17424393
17429656 17432874
17438133 17441496
17446734 17450178
17455535 17459022
17464412 17468008
17473488 17477218
17482518 17486362
17491525 17495507
17500818 17504638
17510122 17514114
17519773 17523687
17529380 17533146
17539007 17542616
17548510 17552209
17557999 17561676
17567636 17571250
17577007 17580710
17586595 17590386
17596327 17600057
17605981 17609547
17615590 17619327
17625401 17629229
17635095 17638740
17644585 17648042
17653682 17657070
17662740 17666073
17671532 17674898
17680557 17683731
17689514 17692541
17698180 17701302
17707060 17710345
17716029 17719228
17724844 17727895
17733509 17736752
17742162 17745460
17750853 17754330
17759610 17763234
17768265 17772068
17777168 17780957
17786232 17789891
17795068 17798658
17803851 17807551
17812498 17816374
17821278 17825031
17829734 17833485
17838014 17841858
17846284 17850303
17854934 17859085
17863477 17867717
17872105 17876412
17880737 17885205
17889369 17893799
17897973 17902449
17906636 17910971
17914917 17919106
17922898 17927269
17931298 17935819
17940000 17944665
17948988 17953503
17957838 17962406
17966930 17971425
17976149 17980838
17985437 17989984
17994607 17999302
18003868 18008398
18012794 18017465
18021723 18026528
18030786 18035441
18039561 18044112
18048367 18053065
18057129 18061856
18065867 18070401
18074632 18079078
18083412 18087984
18092295 18096887
18101419 18106088
18110758 18115501
18120043 18124771
18129527 18134157
18139032 18143568
18148551 18153070
18158089 18162513
18167587 18171981
18176871 18181177
18186036 18190165
18195131 18199285
18204397 18208424
18213431 18217590
18222717 18226711
18231812 18235776
18240856 18244622
18249545 18253385
18258349 18262235
18267080 18271020
18275829 18279754
18284631 18288746
18293673 18297668
18302491 18306313
18311268 18314928
18319755 18323238
18327948 18331601
18336499 18340264
18345254 18349168
18354236 18358162
18363162 18366968
18372150 18375854
18380894 18384589
18389465 18393014
18398121 18401849
18407147 18410838
18416211 18419775
18425125 18428584
18434112 18437625
18443099 18446466
18451865 18455153
18460663 18464005
18469665 18473067
18478751 18482111
18488036 18491310
18497259 18500478
18506221 18509276
18515020 18518027
18523845 18526942
18532984 18536255
18542114 18545226
18551193 18554304
18560487 18563778
18570201 18573389
18579964 18583035
18589386 18592271
18598507 18601557
18607853 18611098
18617502 18620685
18627170 18630507
18637051 18640350
18647127 18650598
18657225 18660673
18667104 18670398
18676964 18680409
18686799 18690403
18696818 18700332
18706593 18710135
18716484 18720057
18726193 18729733
18735660 18739364
18745273 18748777
18754892 18758498
18764751 18768405
18774483 18778221
18784401 18788165
18794556 18798299
18804552 18808357
18814461 18818137
18824418 18828286
18834629 18838313
18844467 18848271
18854238 18858118
18864184 18868134
18874182 18878057
18883954 18887979
18893960 18897853
18903686 18907714
18913637 18917724
18923723 18927917
18934068 18938422
18944348 18948700
18954609 18959132
18964854 18969311
18975173 18979476
18985093 18989462
18994942 18999366
19004682 19009143
19014605 19018935
19024158 19028670
19034047 19038549
19043944 19048581
19054145 19058945
19064580 19069474
19075035 19080071
19085473 19090347
19095627 19100348
19105612 19110493
19115834 19120858
19126381 19131232
19136712 19141616
19146847 19151928
19157262 19162382
19167835 19172908
19178367 19183282
19188571 19193304
19198614 19203546
19208951 19213910
19219222 19224364
19229925 19234931
19240542 19245496
19251005 19255777
19261303 19266195
19271720 19276775
19282495 19287577
19293092 19298091
19303384 19308301
19313660 19318419
19323623 19328535
19333591 19338702
19343523 19348559
19353552 19358579
19363713 19368893
19374231 19379520
19384679 19390031
19395254 19400695
19405837 19411338
19416579 19422216
19427584 19433147
19438717 19444451
19449945 19455509
19460967 19466673
19472237 19477968
19483577 19489361
19495045 19500943
19506709 19512598
19518494 19524189
19530227 19535744
19541753 19547124
19552948 19558232
19564204 19569649
19575384 19581027
19586693 19592462
19597888 19603588
19608948 19614496
19619811 19625366
19630782 19636368
19641994 19647730
19653441 19659049
19664553 19670280
19675886 19681780
19687315 19693039
19698703 19704229
19709686 19715399
19720666 19726476
19731897 19737832
19743267 19749276
19754862 19761056
19766434 19772600
19777747 19783825
19788837 19794903
19799974 19805932
19810826 19816698
19821532 19827296
19831949 19837545
19842398 19848193
19852928 19858639
19863127 19868801
19873388 19879079
19883810 19889448
19894316 19899866
19904661 19910012
19914932 19920275
19925117 19930543
19935263 19940815
19945683 19951147
19955868 19961231
19965851 19971104
19975732 19981095
19985830 19991032
19995754 20000883
20005770 20010924
20015753 20020794
20025774 20030969
20035713 20041035
20045776 20051209
20056087 20061712
20066358 20071900
20076525 20081975
20086374 20091797
20096418 20101663
20106166 20111481
20115759 20121050
20125079 20130200
20134271 20139251
20143308 20148415
20152300 20157268
20161047 20165957
20169860 20174862
20178759 20183625
20187631 20192344
20196214 20200734
20204457 20208804
20212290 20216588
20220113 20224233
20227998 20231971
20235748 20239917
20243900 20248137
20251980 20256028
20259693 20263566
20267346 20271368
20275334 20279524
20283285 20287553
20291402 20295632
20299608 20303927
20307847 20312142
20316031 20320282
20324125 20328366
20332025 20336332
20339887 20344049
20347833 20352147
20355944 20360348
20364262 20368550
20372372 20376599
20380306 20384337
20387836 20391769
20395472 20399523
20403094 20406956
20410627 20414553
20418032 20421800
20425131 20428895
20431978 20435564
20438400 20442030
20444825 20448605
20451417 20455213
20458052 20461903
20464532 20468433
20471016 20474932
20477527 20481549
20484132 20488291
20490739 20494701
20497030 20501110
20503509 20507427
20510053 20514105
20516773 20520753
20523433 20527335
20529991 20534008
20536800 20540774
20543499 20547554
20550399 20554367
20557074 20561171
20563902 20567952
20570448 20574506
20577122 20581303
20584158 20588324
20591051 20595087
20597937 20601813
20604747 20608690
20611483 20615286
20618216 20622084
20624824 20628588
20631525 20635469
20638242 20642115
20644709 20648494
20651331 20654955
20657746 20661435
20664332 20668019
20670821 20674476
20677390 20681134
20683950 20687860
20690720 20694823
20697662 20701861
20704901 20708984
20712118 20716175
20719211 20723099
20725912 20729711
20732505 20736482
20739323 20743425
20746476 20750623
20753811 20757827
20761229 20765326
20768666 20772940
20776529 20780756
20784433 20788488
20792194 20796332
20800021 20804121
20807913 20812006
20815632 20819633
20823133 20827267
20830760 20834696
20838246 20842106
20845690 20849696
20853327 20857158
20860937 20864640
20868286 20872042
20875477 20879389
20882924 20886725
20890251 20894087
20897385 20901249
20904509 20908510
20911992 20915920
20919565 20923569
20927239 20931371
20935222 20939514
20943384 20947838
20951749 20956209
20960243 20964600
20968863 20973306
20977685 20982014
20986257 20990403
20994455 20998651
21002818 21007016
21010953 21015028
21019186 21023092
21027137 21030900
21034792 21038704
21042449 21046296
21050234 21053936
21057854 21061398
21065369 21068896
21072653 21076313
21080199 21083726
21087765 21091349
21095257 21098790
21102933 21106328
21110260 21113513
21117293 21120479
21124361 21127422
21131508 21134708
21139025 21142226
21146656 21149883
21154497 21157751
21162217 21165459
21169884 21173100
21177747 21181026
21185612 21188980
21193344 21196696
21200984 21204311
21208707 21212224
21216510 21220030
21224293 21228011
21232339 21235971
21240370 21244084
21248340 21251989
21256093 21259858
21263932 21267676
21271691 21275362
21279313 21283077
21286835 21290715
21294326 21298034
21301720 21305578
21309339 21313392
21317359 21321521
21325458 21329757
21333637 21338136
21341998 21346462
21350244 21354831
21358393 21362926
21366284 21370997
21374278 21378848
21382245 21386909
21390503 21394986
21398557 21402848
21406441 21410731
21414226 21418451
21421724 21425956
21429377 21433777
21436971 21441234
21444638 21448917
21452380 21456674
21460060 21464217
21467664 21471991
21475533 21479742
21483169 21487316
21490903 21495236
21498952 21503464
21507033 21511401
21514806 21519254
21522560 21527165
21530496 21535145
21538264 21543105
21546408 21551059
21554299 21559071
21562320 21567013
21570135 21574764
21577859 21582474
21585653 21590222
21593234 21597778
21600746 21605236
21608076 21612588
21615467 21619886
21622860 21627360
21630567 21635131
21638146 21642704
21645650 21650101
21652878 21657292
21660161 21664600
21667448 21672049
21675061 21679828
21682663 21687523
21690279 21695159
21698016 21703014
21705831 21710803
21713482 21718363
21721023 21725996
21728676 21733821
21736504 21741745
21744627 21749696
21752603 21757740
21760797 21766002
21768890 21774216
21776879 21782308
21784904 21790153
21792901 21797990
21800576 21805774
21808287 21813364
21815905 21820786
21823566 21828489
21831189 21836253
21838931 21844175
21846816 21852097
21854950 21860244
21863190 21868385
21871113 21876179
21878693 21883634
21886046 21890968
21893538 21898368
21901003 21905744
21908308 21913241
21915836 21920585
21923071 21927637
21930186 21934581
21937218 21941705
21944318 21948722
21951257 21955528
21958278 21962451
21965306 21969381
21972159 21976040
21978965 21982842
21985633 21989312
21991903 21995503
21997893 22001503
22003905 22007487
22009764 22013180
22015629 22018883
22021556 22024611
22027277 22030250
22032772 22035788
22038436 22041282
22043702 22046633
22049048 22052171
22054532 22057646
22059842 22062938
22065279 22068316
22070572 22073412
22075637 22078592
22080950 22083993
22086586 22089740
22092464 22095696
22098477 22101606
22104336 22107479
22110133 22113445
22115956 22119082
22121530 22124533
22127195 22130195
22132944 22135855
22138412 22141367
22143812 22146647
22149161 22151860
22154371 22157208
22159576 22162539
22165138 22168116
22170629 22173726
22176269 22179462
22181855 22185025
22187608 22190654
22193059 22196120
22198403 22201562
22203787 22206815
22209031 22212045
22214257 22217205
22219585 22222511
22224975 22227711
22230289 22232945
22235552 22238021
22240857 22243457
22246523 22249227
22252494 22255227
22258349 22261181
22264182 22266874
22269983 22272800
22276065 22278822
22282116 22284963
22288293 22291087
22294266 22297227
22300635 22303438
22306671 22309449
22312573 22315183
22318377 22321047
22324155 22326752
22329663 22332394
22335510 22338360
22341387 22344039
22347115 22349788
22352756 22355452
22358628 22361316
22364673 22367350
22370643 22373466
22376516 22379286
22382372 22385279
22388356 22391221
22394527 22397565
22400741 22403806
22406782 22409796
22413014 22416170
22419191 22422331
22425198 22428405
22431060 22434299
22436776 22440066
22442689 22445822
22448235 22451231
22453442 22456471
22458901 22462103
22464493 22467585
22470158 22473437
22476207 22479519
22482157 22485612
22488036 22491688
22494099 22497756
22500318 22504132
22506611 22510434
22512697 22516648
22518795 22522922
22525013 22529036
22531058 22535236
22537444 22541641
22543760 22547805
22549819 22554061
22556301 22560666
22563091 22567436
22569725 22574121
22576461 22580794
22583369 22587690
22590283 22594498
22596874 22601078
22603584 22607899
22610492 22614819
22617423 22621926
22624553 22629190
22631839 22636401
22639288 22644013
22646930 22651662
22654457 22659221
22661986 22666758
22669345 22674297
22676837 22681897
22684593 22689524
22692352 22697210
22700031 22705051
22707654 22712635
22715085 22720030
22722401 22727451
22729981 22735093
22737497 22742449
22744658 22749505
22751753 22756559
22758733 22763590
22765666 22770708
22772779 22777675
22779774 22784845
22787170 22792249
22794462 22799567
22801655 22806904
22809227 22814576
22816912 22822081
22824241 22829515
22831715 22836939
22839060 22844418
22846779 22852232
22854761 22860389
22862778 22868314
22870886 22876282
22878987 22884421
22887176 22892481
22895072 22900384
22902823 22908243
22910813 22916123
22918481 22923629
22925744 22930974
22933297 22938573
22940673 22945780
22948089 22953350
22955607 22960824
22962994 22968234
22970544 22975750
22977856 22983173
22985510 22990921
22993123 22998570
23000848 23006175
23008354 23013496
23015494 23020590
23022579 23027866
23030075 23035540
23037853 23043222
23045365 23050672
23052660 23058017
23060057 23065216
23067219 23072577
23074415 23079918
23081685 23087359
23089175 23094991
23096668 23102302
23103809 23109321
23110578 23116181
23117524 23122989
23124379 23129948
23131512 23137261
23138918 23144567
23146292 23151972
23153931 23159522
23161587 23167213
23169241 23174897
23176716 23182341
23184286 23189877
23191578 23197042
23198930 23204258
23206263 23211738
23213712 23219125
23221067 23226332
23228041 23233166
23234627 23239587
23241113 23246001
23247427 23252385
23253992 23259072
23260572 23265549
23266945 23272024
23273252 23278157
23279577 23284639
23286110 23291179
23292848 23297762
23299607 23304539
23306391 23311432
23313332 23318182
23320268 23324976
23327125 23331840
23334097 23338929
23341231 23345904
23347969 23352674
23354593 23359426
23361378 23366077
23368018 23372536
23374297 23378765
23380376 23384965
23386725 23391464
23393296 23398121
23399991 23404734
23406526 23411129
23413034 23417738
23419535 23424095
23425703 23430454
23431872 23436767
23438400 23443215
23444815 23449489
23450997 23455779
23457121 23462069
23463583 23468583
23470131 23474990
23476676 23481374
23483244 23487757
23489523 23494129
23496057 23500765
23502489 23507055
23508617 23513246
23514746 23519334
23520937 23525443
23526883 23531421
23532696 23537215
23538596 23543248
23544837 23549392
23550867 23555619
23557063 23561885
23563367 23568340
23569602 23574715
23576191 23581321
23583043 23588141
23589766 23594989
23596528 23601609
23603220 23608325
23609724 23614674
23615926 23621007
23622225 23627203
23628386 23633221
23634495 23639212
23640652 23645228
23646673 23651359
23652775 23657312
23658887 23663620
23665345 23670168
23671861 23676799
23678601 23683386
23684940 23689886
23691277 23696419
23697773 23702728
23704002 23708855
23710136 23715115
23716362 23721519
23722963 23728100
23729696 23734894
23736608 23741877
23743365 23748824
23750449 23756073
23757871 23763474
23765255 23771025
23772909 23778546
23780491 23786193
23788367 23793968
23796082 23801769
23803758 23809368
23811353 23816871
23818744 23824453
23826267 23831790
23833391 23838925
23840317 23845697
23846913 23852470
23853454 23859082
23860245 23865907
23866911 23872377
23873364 23878846
23879906 23885358
23886523 23892166
23893254 23899019
23900261 23905926
23906993 23912555
23913799 23919554
23920617 23926566
23927566 23933451
23934282 23940213
23940819 23946763
23947343 23953258
23953617 23959553
23960031 23966074
23966770 23972983
23973851 23980128
23980892 23987167
23988170 23994626
23995736 24002253
24003468 24010113
24011179 24017745
24018750 24025271
24026478 24032933
24033953 24040399
24041277 24047832
24048705 24055406
24056405 24063034
24063879 24070361
24071211 24077719
24078775 24085433
24086272 24092744
24093342 24099857
24100446 24106904
24107303 24113831
24114435 24120856
24121308 24127586
24128166 24134596
24135271 24141856
24142458 24148920
24149496 24156144
24156770 24163599
24164404 24171230
24171916 24178674
24179369 24186028
24186778 24193238
24193806 24200315
24200693 24207040
24207564 24214091
24214512 24221097
24221593 24228368
24228870 24235558
24236171 24242829
24243293 24249794
24250389 24257083
24257814 24264500
24265149 24271648
24272296 24278704
24279345 24285618
24286388 24292494
24293223 24299475
24300055 24306376
24306789 24313118
24313553 24319918
24320450 24326687
24327404 24333600
24334101 24340413
24340827 24347257
24347533 24353927
24353992 24360415
24360656 24366929
24367236 24373558
24373767 24380183
24380465 24386764
24387058 24393384
24393610 24399877
24400110 24406431
24406900 24413393
24414091 24420531
24421130 24427615
24428158 24434495
24434848 24441016
24441213 24447504
24447838 24454206
24454345 24460851
24460980 24467657
24467678 24474400
24474441 24481059
24481085 24487652
24487898 24494522
24494973 24501565
24502200 24508669
24509354 24515879
24516483 24522900
24523399 24529906
24530165 24536686
24536938 24543540
24543965 24550453
24550857 24557170
24557723 24564155
24564815 24571332
24571887 24578539
24579150 24585617
24586079 24592362
24592751 24598988
24599488 24605619
24605968 24612206
24612675 24619069
24619430 24625878
24626234 24632803
24633386 24639845
24640336 24646940
24647294 24654067
24654357 24660962
24661146 24667554
24667742 24674276
24674539 24681104
24681381 24688008
24688212 24694729
24694870 24701210
24701368 24707554
24707955 24713963
24714314 24720480
24720875 24727211
24727721 24734101
24734369 24740803
24740832 24747399
24747474 24754033
24754233 24760970
24761089 24767689
24767715 24774279
24774476 24781210
24781232 24787786
24787834 24794579
24794818 24801563
24801617 24808281
24808374 24815168
24815443 24822398
24822686 24829682
24829949 24837088
24837108 24844149
24844167 24851231
24851333 24858504
24858522 24865522
24865622 24872439
24872778 24879399
24879755 24886242
24886695 24893143
24893442 24900000
24900366 24906869
24907102 24913792
24914183 24921038
24921490 24928452
24929075 24935859
24936670 24943475
24944166 24950891
24951667 24958261
24959052 24965822
24966689 24973266
24974076 24980505
24981358 24987698
24988569 24994710
24995669 25001660
25002712 25008816
25009719 25015849
25016835 25023005
25023945 25029997
25031121 25037291
25038626 25044892
25046251 25052685
25053944 25060389
25061479 25068082
25069408 25076068
25077459 25084072
25085575 25092309
25094051 25100894
25102481 25109238
25110700 25117617
25119120 25125966
25127512 25134496
25136191 25143234
25145095 25152262
25154323 25161427
25163429 25170462
25172587 25179597
25181786 25188770
25191098 25198209
25200607 25207661
25209909 25216772
25219053 25225944
25228427 25235167
25237600 25244196
25246435 25252991
25255013 25261422
25263362 25269810
25271842 25278430
25280294 25286870
25288958 25295693
25297636 25304353
25306201 25312863
25314687 25321218
25323237 25329570
25331767 25338142
25340548 25346884
25349408 25355887
25358548 25365206
25367668 25374200
25376881 25383459
25386202 25392680
25395607 25402231
25405002 25411445
25414042 25420333
25423143 25429452
25432322 25438701
25441634 25447910
25451072 25457524
25460830 25467321
25470437 25476734
25479759 25486246
25489272 25495906
25498831 25505539
25508711 25515588
25518834 25525771
25528784 25535843
25538736 25545959
25548791 25555927
25558986 25566147
25569301 25576378
25579444 25586433
25589366 25596383
25599216 25606050
25608904 25615891
25618575 25625544
25628226 25635070
25637949 25644776
25647795 25654689
25657596 25664616
25667498 25674690
25677501 25684517
25687527 25694698
25697897 25705246
25708296 25715547
25718370 25725592
25728339 25735701
25738680 25745975
25748889 25756087
25759210 25766445
25769387 25776764
25779790 25787278
25790539 25798226
25801585 25809236
25812395 25820127
25823414 25830950
25834079 25841473
25844712 25852087
25855446 25862633
25866019 25873245
25876831 25884121
25887850 25894957
25898866 25906129
25910135 25917338
25921587 25928854
25933172 25940280
25944556 25951751
25956007 25963225
25967595 25974888
25979197 25986376
25990517 25997821
26002143 26009268
26013575 26020892
26025374 26032739
26037320 26044550
26049325 26056590
26061134 26068488
26072877 26080129
26084533 26091710
26095983 26103295
26107768 26115098
26119468 26126875
26131455 26138768
26143136 26150282
26154703 26162020
26166572 26173767
26178455 26185712
26190158 26197610
26201991 26209283
26213595 26220700
26225056 26232246
26236509 26243527
26247759 26254617
26258787 26265687
26270000 26276756
26281171 26287779
26292333 26298966
26303432 26309870
26314547 26320805
26325502 26331798
26336503 26342988
26347517 26353995
26358433 26365041
26369604 26376210
26380646 26387340
26391971 26398838
26403257 26410246
26414618 26421713
26426300 26433517
26438168 26445323
26450012 26457230
26462164 26469218
26474153 26481090
26486144 26493187
26498006 26505003
26509835 26517001
26521620 26528902
26533471 26540800
26545259 26552434
26556810 26564046
26568436 26575555
26579831 26586960
26591426 26598742
26603345 26610571
26615407 26622603
26627307 26634417
26639282 26646452
26651477 26658822
26663627 26670916
26675491 26682808
26687429 26694599
26699416 26706577
26711379 26718417
26723322 26730461
26735456 26742683
26747644 26754883
26759886 26767169
26772176 26779274
26784125 26791037
26795803 26802805
26807456 26814424
26819267 26826038
26830667 26837607
26842196 26848950
26853674 26860434
26865281 26871866
26876919 26883485
26888606 26895355
26900276 26907210
26911961 26919082
26923879 26931176
26935772 26942952
26947355 26954631
26958837 26966157
26970521 26977757
26981952 26989142
26993198 27000402
27004273 27011620
27015539 27023045
27027208 27034655
27038938 27046224
27050609 27057867
27062473 27069649
27074368 27081619
27086303 27093477
27097922 27104913
27109332 27116390
27120920 27127934
27132551 27139533
27144019 27150917
27155426 27162267
27166896 27173811
27178203 27185123
27189763 27196570
27201011 27207961
27212431 27219485
27223875 27230937
27235538 27242644
27247103 27254036
27258555 27265581
27270175 27277092
27281757 27288729
27293294 27300220
27305030 27311985
27316818 27323856
27328824 27335725
27340501 27347415
27352052 27358957
27363753 27370534
27375343 27382124
27386732 27393386
27398139 27404657
27409337 27415839
27420485 27426962
27431459 27437741
27442000 27448446
27452718 27459118
27463412 27469827
27474286 27480788
27485077 27491400
27495702 27502188
27506645 27512979
27517686 27523981
27528666 27534899
27539425 27545505
27550234 27556341
27561136 27567394
27572266 27578489
27583333 27589736
27594532 27601050
27605795 27612428
27617103 27623914
27628358 27635148
27639563 27646388
27650884 27657689
27662309 27668954
27673338 27679895
27684482 27691134
27695767 27702262
27707114 27713635
27718544 27725233
27729972 27736631
27741566 27748117
27753225 27759876
27765137 27771795
27777134 27783641
27789190 27795813
27801417 27808042
27813890 27820490
27826511 27832937
27839092 27845337
27851384 27857782
27863773 27869994
27876033 27882217
27888453 27894802
27901172 27907511
27913692 27919930
27926118 27932458
27938473 27944983
27950911 27957489
27963184 27969627
27975522 27981814
27987482 27993881
27999573 28005973
28011648 28017973
28023802 28030065
28036109 28042392
28048490 28054813
28060710 28067130
28073168 28079647
28085908 28092229
28098430 28104673
28111103 28117350
28123571 28129684
28135971 28142083
28148300 28154274
28160283 28166362
28172188 28178092
28184152 28190127
28196133 28202159
28208112 28214080
28219979 28225820
28231670 28237418
28243098 28248696
28254467 28259942
28265492 28271150
28276757 28282488
28287900 28293603
28299219 28304908
28310418 28316055
28321464 28326955
28332519 28337964
28343727 28349315
28354930 28360440
28366154 28371674
28377602 28383059
28389099 28394397
28400265 28405572
28411219 28416526
28422233 28427691
28433215 28438821
28444470 28450228
28456066 28461745
28467775 28473376
28479569 28485220
28491653 28497494
28504157 28509923
28516825 28522459
28529274 28534874
28541649 28547343
28554277 28559913
28566865 28572506
28579609 28585098
28592226 28597843
28605105 28610643
28618055 28623589
28630944 28636392
28643943 28649422
28656761 28662113
28669502 28674760
28682064 28687135
28694472 28699382
28706946 28712019
28719358 28724267
28731789 28736738
28744500 28749454
28757289 28762390
28770375 28775611
28783796 28788957
28797188 28802504
28810570 28816053
28824231 28829656
28838034 28843472
28851877 28857387
28865648 28871055
28879533 28884887
28893416 28898573
28907011 28912160
28920605 28925566
28934235 28939248
28947717 28952917
28961598 28966954
28975742 28981276
28989836 28995336
29004063 29009547
29018259 29023674
29032415 29037908
29046507 29052109
29060855 29066417
29075019 29080555
29089022 29094709
29103269 29108885
29117486 29123096
29131496 29137061
29145309 29150905
29159193 29164605
29172704 29178249
29186349 29192008
29200292 29206039
29214432 29220294
29228845 29234553
29242903 29248759
29257094 29263114
29271593 29277431
29285929 29291801
29300382 29306255
29314700 29320440
29329078 29334883
29343440 29349088
29357783 29363355
29371817 29377329
29385657 29391162
29399266 29404715
29412690 29418324
29426489 29432162
29440141 29445866
29453950 29459833
29467856 29473669
29481795 29487583
29495798 29501398
29509572 29514975
29523149 29528646
29536705 29542200
29550254 29555654
29563888 29569459
29577474 29583187
29590997 29596542
29604379 29609993
29617756 29623549
29631083 29636977
29644340 29650298
29657895 29663942
29671366 29677470
29684737 29690751
29698037 29704155
29711589 29717877
29725447 29731628
29739286 29745643
29753189 29759651
29767167 29773733
29781420 29787960
29795410 29802060
29809368 29816004
29823184 29830001
29837326 29844336
29851459 29858339
29865509 29872513
29879746 29886798
29893847 29900712
29907830 29914656
29921856 29928733
29936078 29943068
29950224 29957108
29964299 29971119
29978423 29985433
29992953 29999796
30007551 30014455
30022037 30028792
30036266 30043039
30050527 30057370
30065025 30072000
30079457 30086462
30093763 30100959
30108329 30115559
30123018 30130419
30137850 30145156
30152623 30160045
30167409 30174776
30181893 30189280
30196444 30203644
30211046 30218226
30225780 30232843
30240611 30247804
30255796 30263056
30270886 30278056
30285764 30292771
30300684 30307713
30315408 30322515
30330104 30337259
30344919 30351939
30359632 30366690
30374514 30381577
30389351 30396339
30404189 30411090
30419145 30426153
30434143 30441092
30449110 30456226
30464405 30471333
30479687 30486676
30495023 30502106
30510253 30517241
30525225 30532141
30540291 30547164
30555173 30561877
30570051 30576626
30584682 30591192
30599252 30605796
30613842 30620224
30628455 30635017
30643340 30650051
30658329 30664847
30673046 30679702
30687921 30694452
30702543 30708904
30717038 30723397
30731450 30737654
30745503 30751591
30759484 30765549
30773272 30779476
30787062 30793348
30800999 30807321
30815026 30821483
30829020 30835403
30843144 30849563
30857374 30863853
30871729 30878318
30886422 30893178
30901319 30907949
30915847 30922298
30930350 30936889
30944783 30951202
30958991 30965254
30973172 30979326
30987224 30993388
31001433 31007757
31015904 31022243
31030500 31036815
31045287 31051785
31060451 31067091
31075903 31082355
31090990 31097590
31106469 31113033
31121701 31128173
31137027 31143675
31152586 31159253
31168212 31174947
31183929 31190592
31199533 31206065
31214767 31221184
31229758 31236158
31244738 31251326
31259933 31266495
31275082 31281497
31290156 31296604
31305095 31311348
31319624 31325830
31333887 31340235
31348536 31354704
31363171 31369408
31377946 31384094
31392507 31398731
31407104 31413389
31421897 31428290
31436964 31443468
31452360 31458985
31468094 31474692
31483881 31490624
31499783 31506610
31515773 31522485
31531470 31538078
31547176 31553919
31563053 31569810
31578785 31585584
31594389 31601219
31609906 31616917
31625678 31632813
31641415 31648445
31656869 31663969
31672462 31679517
31687986 31694849
31703206 31710022
31718189 31724959
31732991 31739762
31747599 31754353
31762104 31769007
31776567 31783500
31790877 31797775
31805107 31811886
31819418 31826050
31833343 31839989
31847371 31853941
31861481 31868170
31875850 31882594
31890365 31897292
31905079 31911917
31919718 31926357
31933964 31940492
31948299 31954670
31962707 31968938
31977148 31983427
31991510 31997746
32005843 32012149
32020397 32026870
32034924 32041479
32049551 32055969
32064131 32070721
32078643 32085343
32093237 32099902
32107787 32114336
32122057 32128480
32136108 32142659
32150186 32156729
32164091 32170804
32178171 32185002
32192440 32199457
32206791 32213901
32221387 32228337
32235897 32242771
32250467 32257383
32265084 32272197
32280103 32287240
32295172 32302176
32309921 32316745
32324452 32331268
32338933 32345886
32353475 32360429
32367777 32374848
32381977 32389165
32396469 32403485
32410547 32417562
32424617 32431717
32438574 32445621
32452384 32459414
32466364 32473441
32480487 32487657
32494655 32501762
32508701 32515727
32522797 32529663
32536511 32543429
32550113 32557078
32563938 32570793
32577841 32584772
32591799 32598828
32605656 32612495
32619188 32625906
32632436 32639142
32645792 32652505
32658963 32665511
32671894 32678245
32684625 32690816
32697441 32703538
32710003 32716028
32722467 32728477
32735040 32740882
32747678 32753369
32759965 32765471
32772094 32777511
32783992 32789552
32796188 32801579
32808286 32813716
32820463 32825897
32832774 32838192
32845119 32850520
32857215 32862725
32869284 32874716
32881124 32886569
32892747 32898202
32904392 32909805
32915973 32921306
32927502 32932671
32938915 32944065
32950478 32955659
32962138 32967128
32973468 32978269
32984744 32989463
32996144 33000886
33007452 33012351
33018918 33023964
33030447 33035466
33041856 33046795
33053262 33058251
33064554 33069715
33076265 33081237
33087946 33092967
33099606 33104465
33111207 33116035
33122966 33127643
33134637 33139401
33146554 33151139
33158298 33162850
33170224 33174867
33182259 33186835
33194361 33199125
33206863 33211803
33219592 33224704
33232722 33237994
33245953 33251154
33259297 33264600
33272528 33277819
33285885 33291060
33299053 33304336
33312502 33317874
33325872 33331323
33339404 33344930
33352923 33358279
33366465 33371790
33380145 33385393
33393720 33398992
33407349 33412633
33420896 33426316
33434700 33440263
33448406 33453863
33461895 33467310
33475316 33480609
33488549 33494038
33502020 33507528
33515618 33521247
33529324 33534937
33542987 33548464
33556642 33562010
33570338 33575618
33583844 33589013
33597400 33602424
33610700 33615541
33624027 33628965
33637418 33642402
33650812 33655648
33664067 33668892
33677453 33682193
33690947 33695735
33704636 33709582
33718474 33723599
33732656 33737703
33746951 33751843
33760951 33765910
33775145 33779963
33789277 33794027
33803298 33807857
33817368 33821872
33831216 33835553
33844797 33848960
33858010 33862135
33871247 33875357
33884534 33888584
33897684 33901657
33910886 33914943
33924172 33928227
33937515 33941749
33950854 33954986
33964221 33968481
33977780 33982095
33991319 33995639
34004894 34009298
34018616 34022916
34032355 34036702
34046346 34050846
34060725 34065040
34074905 34079295
34088985 34093330
34102912 34107079
34116759 34120934
34130507 34134601
34144293 34148541
34158197 34162312
34171883 34175874
34185435 34189399
34199141 34203181
34212908 34217004
34226963 34231064
34241124 34245271
34255277 34259452
34269294 34273588
34283279 34287751
34297192 34301797
34311410 34316122
34325648 34330523
34340239 34345146
34354868 34359940
34369807 34374763
34384447 34389534
34399385 34404538
34414167 34419490
34429020 34434433
34443940 34449247
34458708 34464068
34473484 34478885
34488265 34493662
34503044 34508548
34517804 34523347
34532450 34537947
34546884 34552388
34561088 34566753
34575484 34581188
34589827 34595724
34604265 34610134
34618816 34624669
34633530 34639396
34648015 34653894
34662266 34668205
34676642 34682586
34691140 34697178
34705762 34711722
34720468 34726323
34734869 34740558
34748991 34754664
34763174 34768807
34777307 34782875
34791583 34797277
34805797 34811643
34820352 34826279
34835040 34841147
34850005 34856146
34865247 34871335
34880472 34886680
34895616 34901635
34910683 34916645
34925561 34931330
34940423 34946030
34955158 34960674
34969897 34975542
34984720 34990500
34999503 35005345
35014185 35020202
35029188 35035006
35044105 35049856
35058807 35064531
35073645 35079249
35088205 35093726
35102842 35108232
35117275 35122511
35131492 35136754
35145552 35150986
35159777 35165408
35174293 35180061
35188991 35194882
35203624 35209368
35218270 35224101
35232956 35238731
35247737 35253409
35262246 35268099
35276844 35282856
35291815 35297987
35306720 35312831
35321712 35327731
35336421 35342375
35350850 35356987
35365216 35371433
35379909 35385951
35394370 35400444
35408773 35414833
35423311 35429528
35437842 35444029
35452314 35458392
35466696 35472721
35480884 35487047
35495320 35501461
35509632 35515680
35523774 35529947
35538018 35544141
35551996 35557984
35565999 35571903
35580005 35585981
35593860 35600001
35607850 35613854
35621808 35627916
35635831 35641771
35649588 35655603
35663217 35669356
35676787 35682975
35690299 35696359
35703562 35709489
35716646 35722748
35730102 35736103
35743436 35749280
35756793 35762775
35770454 35776388
35784188 35789971
35797659 35803372
35810820 35816571
35824063 35829892
35837147 35843167
35850538 35856615
35863997 35870126
35877684 35883652
35891073 35896954
35904588 35910648
35918395 35924579
35932375 35938442
35946296 35952270
35960159 35966214
35973871 35979816
35987330 35993247
36000962 36006872
36014526 36020628
36028440 36034708
36042603 36048855
36056748 36062975
36070748 36077059
36084796 36091230
36098796 36105042
36112544 36118648
36126337 36132450
36140239 36146453
36154348 36160649
36168400 36174873
36182727 36189292
36197392 36204043
36212193 36218931
36227184 36234091
36242280 36248993
36257341 36263874
36272254 36278834
36287027 36293777
36301732 36308559
36316402 36323211
36330857 36337576
36345307 36352137
36359662 36366632
36373914 36380926
36388291 36395492
36402861 36410069
36417349 36424394
36431815 36438688
36446030 36452818
36460401 36467010
36474386 36480828
36488387 36494856
36502251 36508871
36516399 36522829
36530410 36537024
36544483 36550962
36558259 36564804
36572111 36578810
36586019 36592587
36599685 36606172
36613453 36619848
36627142 36633714
36640897 36647529
36654749 36661288
36668413 36674826
36681851 36688099
36695306 36701494
36708920 36715228
36722595 36728973
36736519 36742972
36750605 36757243
36765074 36771702
36779500 36786259
36793883 36800596
36807994 36814645
36822058 36828896
36836107 36842746
36850077 36856850
36864428 36871167
36878869 36885589
36893315 36899856
36907591 36914058
36921578 36927976
36935719 36942117
36950047 36956589
36964460 36971196
36979182 36985745
36993729 37000107
37008115 37014618
37022607 37029172
37037059 37043529
37051186 37057682
37065362 37071925
37079483 37086191
37093652 37100364
37107611 37114237
37121237 37127861
37135083 37141726
37148916 37155581
37162574 37169302
37176365 37183137
37190029 37196631
37203375 37209924
37216576 37223048
37229507 37236129
37242813 37249340
37255927 37262318
37268703 37274978
37281116 37287350
37293638 37299865
37306065 37312288
37318391 37324729
37330728 37336935
37342774 37349038
37354792 37361164
37366965 37373482
37379384 37385896
37391682 37398356
37404110 37410978
37416838 37423530
37429274 37435798
37441723 37448097
37454052 37460454
37466310 37472668
37478670 37484973
37491163 37497508
37503636 37510046
37516044 37522383
37528506 37534740
37540849 37547185
37553243 37559525
37565564 37571688
37577701 37583859
37589991 37596108
37602146 37608253
37614326 37620486
37626346 37632517
37638479 37644770
37650667 37657142
37662946 37669449
37675480 37681887
37687952 37694463
37700333 37707042
37712911 37719622
37725539 37732418
37738178 37745248
37751070 37758276
37763880 37771277
37776775 37783972
37789505 37796830
37802475 37809731
37815218 37822581
37827961 37835127
37840310 37847326
37852371 37859311
37864468 37871385
37876608 37883426
37888581 37895369
37900651 37907531
37912740 37919590
37924835 37931599
37936815 37943573
37949015 37955887
37961494 37968395
37974044 37981068
37986637 37993628
37999106 38005906
38011412 38018183
38023590 38030319
38035840 38042629
38048394 38055222
38060876 38067753
38073268 38080169
38085873 38092889
38098551 38105650
38111184 38118250
38123764 38130691
38136149 38143236
38148847 38155808
38161292 38168408
38173762 38180787
38185998 38193100
38198211 38205197
38210067 38217022
38221744 38228513
38233090 38239887
38244689 38251533
38256152 38263150
38267645 38274784
38279138 38286328
38290733 38298051
38302624 38310075
38314774 38322419
38327353 38335166
38340320 38348278
38353330 38361117
38366050 38373915
38379055 38386872
38392082 38400032
38405019 38412831
38417616 38425430
38430188 38437831
38442821 38450302
38455119 38462540
38467448 38474977
38479956 38487640
38492744 38500481
38505436 38513056
38518231 38525807
38530797 38538464
38543504 38551214
38556178 38563994
38568951 38576819
38581810 38589653
38594408 38602093
38606785 38614512
38619423 38626969
38631922 38639630
38644592 38652479
38657663 38665442
38670430 38678161
38682923 38690602
38695597 38703134
38708050 38715641
38720509 38728062
38733060 38740530
38745391 38753002
38758106 38765544
38770417 38777744
38782540 38789968
38794651 38801993
38806657 38814003
38818742 38826212
38830939 38838226
38843187 38850372
38855490 38862505
38867833 38874930
38880164 38887215
38892491 38899555
38904847 38912079
38917164 38924372
38929338 38936483
38941523 38948482
38953538 38960309
38965466 38972262
38977236 38983882
38989097 38995767
39000971 39007692
39013131 39019820
39025502 39032330
39038159 39045060
39050718 39057747
39063586 39070697
39076755 39084065
39090146 39097274
39103191 39110218
39116320 39123199
39129485 39136350
39142422 39149435
39155593 39162632
39168700 39175545
39181817 39188486
39194767 39201332
39207503 39213971
39219907 39226366
39232455 39239044
39245176 39251695
39257888 39264583
39270979 39277641
39284160 39290918
39297216 39303875
39310119 39316581
39322927 39329196
39335338 39341515
39347764 39353891
39360180 39366252
39372608 39378833
39385029 39391359
39397497 39403637
39409836 39415865
39422066 39427908
39434098 39439749
39446060 39451574
39458030 39463545
39470085 39475454
39481981 39487347
39493942 39499370
39506158 39511425
39518312 39523752
39530666 39536039
39543168 39548713
39555692 39561302
39568173 39573633
39580393 39585784
39592375 39597857
39604672 39610235
39616851 39622310
39628677 39634327
39640568 39646036
39652204 39657812
39663957 39669435
39675407 39681014
39686928 39692520
39698590 39704309
39710327 39716158
39721981 39727657
39733524 39739001
39744876 39750306
39756316 39761711
39767837 39773042
39779072 39784270
39790382 39795560
39801767 39806811
39812935 39817960
39823873 39828848
39834983 39840151
39846173 39851423
39857453 39862768
39868817 39874198
39880416 39885736
39892002 39897148
39903411 39908381
39914547 39919579
39925697 39930797
39936705 39941699
39947453 39952286
39958196 39962909
39968886 39973753
39979868 39984861
39991090 39996006
40002069 40006882
40012757 40017685
40023722 40028804
40034884 40040120
40046011 40051308
40057212 40062456
40068379 40073639
40079606 40084727
40090616 40095619
40101372 40106206
40111997 40116799
40122720 40127427
40133374 40138230
40144257 40149257
40155096 40160287
40166294 40171392
40177151 40182358
40188111 40193309
40199238 40204595
40210453 40215656
40221632 40227028
40233129 40238377
40244648 40250067
40256141 40261675
40267854 40273328
40279745 40285195
40291777 40297067
40303642 40308794
40315230 40320272
40326684 40331893
40338234 40343408
40349572 40354559
40360567 40365479
40371611 40376347
40382355 40387026
40393185 40397924
40404054 40408950
40415260 40420287
40426661 40431598
40437887 40442956
40449260 40454315
40460388 40465457
40471480 40476352
40482511 40487347
40493657 40498603
40505091 40510019
40516392 40521259
40527671 40532598
40538761 40543619
40549548 40554552
40560685 40565593
40571630 40576512
40582483 40587463
40593464 40598615
40604573 40609920
40615865 40621025
40627042 40632252
40638020 40643224
40649109 40654454
40660211 40665598
40671229 40676651
40682347 40687828
40693671 40699188
40705098 40710754
40716770 40722259
40728432 40734014
40740312 40745899
40752021 40757522
40763698 40769130
40775282 40780632
40786679 40792180
40798175 40803577
40809437 40814727
40820650 40825875
40831746 40836818
40842809 40847879
40853851 40859118
40865231 40870508
40876639 40881747
40887804 40893000
40899224 40904447
40910611 40915713
40921868 40927131
40933370 40938728
40945122 40950330
40956604 40961659
40968070 40973093
40979695 40984890
40991539 40996720
41003158 41008436
41014766 41019968
41026207 41031382
41037760 41042858
41049074 41054127
41060271 41065130
41071267 41076301
41082400 41087559
41093804 41098903
41105269 41110382
41116680 41121605
41128065 41132977
41139460 41144417
41150914 41155996
41162617 41167646
41174191 41179209
41185797 41190714
41197081 41202178
41208337 41213359
41219306 41224414
41230468 41235377
41241553 41246610
41252923 41257822
41264269 41269089
41275294 41279956
41286309 41290942
41297435 41302214
41308569 41313150
41319652 41324072
41330621 41335031
41341339 41345927
41352073 41356708
41362676 41367158
41373129 41377669
41383804 41388405
41394690 41399294
41405406 41410183
41416276 41420856
41426888 41431351
41437151 41441768
41447535 41452006
41458020 41462426
41468206 41472598
41478202 41482401
41488143 41492301
41498237 41502357
41508148 41512312
41518165 41522140
41528162 41532200
41538383 41542280
41548439 41552150
41558504 41562289
41568590 41572236
41578672 41582391
41588798 41592588
41598855 41602666
41609168 41612916
41619667 41623407
41630279 41634092
41641119 41645060
41652262 41656316
41663338 41667215
41674217 41678042
41684995 41688717
41695726 41699307
41706385 41709852
41716687 41719995
41726969 41730163
41737036 41740376
41747429 41750762
41757975 41761164
41768577 41771709
41779265 41782535
41790206 41793516
41800953 41804133
41811323 41814575
41821915 41824977
41832366 41835364
41842946 41845762
41853338 41856268
41863778 41866892
41874293 41877212
41884562 41887547
41895115 41898162
41905824 41908906
41916489 41919510
41927026 41930056
41937697 41940799
41948543 41951556
41959355 41962561
41970481 41973544
41981244 41984320
41992266 41995179
42002960 42006067
42013624 42016730
42024106 42027209
42034678 42037667
42045145 42048018
42055707 42058541
