408 525
956 1046
1627 1747
2417 2531
2967 3022
3683 3733
4389 4461
4948 5051
5664 5778
6270 6399
6739 6864
7229 7368
7521 7674
7765 7935
8077 8262
8268 8472
8495 8716
8889 9069
9427 9580
9945 10092
10416 10573
11097 11281
11843 12023
12786 12953
13480 13680
14107 14284
14546 14688
14921 15094
15517 15703
15890 16083
16386 16589
16876 17088
17275 17474
17559 17747
17839 18047
18082 18268
18346 18546
18573 18727
18751 18904
18997 19177
19505 19645
19900 20028
20120 20239
20397 20502
20583 20683
20936 21016
21075 21176
21437 21516
21797 21848
22003 22075
22430 22523
22920 22992
23525 23619
24367 24477
25132 25233
25715 25813
26232 26288
26620 26685
26947 27001
27104 27138
27161 27201
27348 27377
27577 27623
27924 27967
28212 28261
28366 28402
28462 28515
28563 28579
28724 28764
28809 28870
28984 29006
29059 29069
29185 29203
29302 29362
29384 29414
29468 29478
29585 29613
29905 29944
29989 30018
30270 30309
30570 30637
30715 30783
30834 30897
30951 31011
31191 31254
31492 31538
32011 32060
32512 32566
32771 32829
32914 32958
33064 33129
33153 33281
33339 33478
33484 33628
33688 33828
33874 34027
34204 34372
34768 34928
35108 35246
35335 35446
35489 35605
35712 35818
36110 36235
36310 36442
36652 36832
37073 37238
37584 37756
38126 38299
38456 38625
38671 38868
39085 39307
39610 39827
40057 40279
40296 40542
40543 40811
40989 41241
41287 41530
41602 41888
42052 42315
42665 42912
43020 43310
43395 43686
43821 44077
44116 44354
44392 44614
44674 44885
44976 45197
45269 45449
45734 45915
46403 46573
47148 47319
47800 48002
48319 48531
48760 48959
49252 49432
49863 50025
50306 50461
50523 50669
50790 50915
51035 51176
51361 51493
51658 51745
52120 52185
52611 52652
52883 52911
53227 53233
53583 53610
54007 54011
54633 54666
55088 55105
55734 55756
56260 56293
56893 56931
57679 57730
58703 58749
59650 59708
60751 60804
61664 61728
62531 62559
63423 63461
64123 64147
64979 64992
66050 66064
67354 67372
68529 68533
69589 69598
70582 70607
71612 71626
72740 72780
73990 74025
74999 75042
76022 76079
77017 77078
77820 77876
78764 78798
79584 79617
80616 80651
81615 81659
82835 82860
84037 84060
85340 85372
86424 86453
87367 87398
88094 88116
88816 88831
89406 89416
90025 90036
90740 90760
91410 91454
92171 92213
92993 93046
94062 94107
95005 95071
95758 95812
96535 96601
97271 97308
97753 97779
98022 98046
98473 98492
98826 98852
99330 99332
99646 99665
99760 99770
99798 99837
99887 99922
100219 100252
100678 100720
101272 101324
101983 102048
102518 102589
103016 103092
103496 103553
103742 103795
103990 104022
104215 104285
104300 104377
104444 104506
104558 104608
104783 104822
105164 105236
105610 105700
106322 106411
107120 107218
107870 107965
108552 108648
109071 109173
109405 109530
109636 109747
109759 109879
110022 110158
110215 110308
110359 110439
110703 110784
111151 111277
111812 111932
112387 112519
112834 112978
113225 113391
113634 113772
114102 114248
114758 114899
115603 115727
116607 116750
117825 117983
118820 118987
119789 119929
120931 121058
122166 122296
123431 123589
124824 124987
126089 126235
127348 127493
128758 128918
130228 130390
131832 132009
133416 133602
135108 135283
136909 137084
138603 138791
140125 140279
141791 141949
143619 143753
145251 145394
146920 147099
148504 148711
149937 150148
151151 151329
152185 152331
153029 153194
153959 154147
154943 155141
155917 156125
156745 156970
157473 157684
158081 158278
158876 159048
159530 159686
160088 160235
160803 160939
161598 161744
162326 162466
162936 163108
163723 163898
164292 164477
164740 164932
165003 165150
165319 165449
165515 165666
165692 165847
165858 166009
166110 166258
166339 166477
166592 166758
166817 166964
167166 167321
167674 167788
168115 168233
168756 168865
169420 169533
170300 170406
171243 171355
172143 172266
172885 173023
173625 173742
174327 174441
174921 175017
175490 175607
176188 176329
176754 176913
177112 177255
177652 177822
178292 178445
178674 178846
179238 179387
179723 179869
179990 180137
180172 180312
180458 180582
180676 180775
181039 181113
181154 181225
181291 181412
181662 181783
181802 181928
182140 182301
182583 182740
183117 183285
183520 183687
183893 184047
184333 184476
184664 184790
185134 185288
185792 185924
186605 186722
187548 187680
188283 188392
189146 189234
189784 189835
190258 190303
190539 190583
190854 190902
191019 191044
191169 191202
191282 191347
191424 191498
191554 191627
191904 191992
192155 192233
192258 192345
192393 192493
192786 192880
193085 193162
193454 193547
193762 193840
193844 193881
194027 194089
194470 194535
194956 195024
195402 195438
195619 195666
195685 195703
195813 195829
196131 196179
196639 196696
197375 197401
198267 198283
198961 198974
199793 199815
200786 200831
202020 202080
203387 203433
204859 204930
206447 206519
207984 208045
209332 209370
210595 210672
211807 211884
213050 213142
214365 214488
215540 215655
216878 216981
218215 218312
219418 219519
220444 220536
221640 221735
222780 222886
223930 224026
225241 225306
226512 226575
227679 227743
229054 229129
230280 230367
231688 231765
232934 233038
234446 234575
235865 235998
237508 237647
239246 239396
241092 241277
243142 243365
245146 245380
247188 247445
249418 249722
251882 252180
254578 254873
257201 257517
259603 259959
262093 262442
264517 264868
266714 267048
268994 269305
271110 271437
273424 273763
275684 276062
278090 278462
280282 280677
282345 282736
284309 284696
286217 286608
288376 288793
290801 291248
293051 293510
295115 295603
297058 297546
299113 299633
301318 301824
303517 304034
305929 306420
308115 308622
310240 310747
312142 312627
314074 314567
315776 316278
317279 317806
318695 319215
320287 320787
321705 322222
323289 323802
324724 325209
326032 326502
327356 327834
328613 329093
329892 330374
331381 331851
332930 333369
334223 334677
335437 335912
336658 337139
338036 338474
339235 339667
340437 340905
341899 342404
343235 343723
344460 344951
345778 346266
346972 347445
348046 348557
349183 349710
350334 350863
351238 351793
351996 352514
352780 353316
353668 354209
354654 355192
355463 356034
356115 356696
356809 357389
357585 358168
358205 358768
358846 359373
359542 360043
360089 360589
360781 361268
361580 362064
362457 362935
363539 364024
364563 365050
365657 366133
366985 367466
368471 368932
369781 370236
371062 371470
372451 372893
373982 374424
375712 376139
377364 377802
379159 379572
381134 381543
383292 383726
385298 385723
387525 387941
389535 389939
391351 391766
393126 393540
394878 395305
396759 397198
398866 399319
401004 401461
402988 403438
404957 405452
407187 407682
409529 410012
411612 412102
413777 414281
415939 416455
417927 418504
420131 420711
422563 423154
424967 425542
427329 427894
429717 430268
431876 432465
433852 434451
435905 436542
437996 438676
440103 440811
442439 443166
444711 445475
446977 447764
449428 450205
452074 452870
454529 455329
456990 457824
459291 460132
461357 462212
463463 464347
465646 466522
467698 468581
469693 470575
471682 472560
473539 474414
475557 476446
477504 478405
479515 480390
481543 482395
483508 484341
485502 486339
487660 488532
489624 490467
491738 492571
493724 494548
495876 496704
498212 499035
500325 501194
502452 503331
504347 505224
506247 507087
508273 509129
510555 511407
512830 513691
515203 516005
517620 518423
519959 520760
522175 522962
524173 524946
526217 527009
528196 528979
530347 531121
532250 533035
534251 535029
536463 537269
538952 539763
541585 542376
543968 544725
546442 547179
548920 549658
551217 551939
553279 553977
555083 555767
556979 557658
558850 559530
560509 561182
562009 562679
563399 564055
564787 565428
566349 567002
567875 568546
569537 570196
571258 571929
572779 573441
574367 575043
575913 576587
577571 578254
579002 579683
580450 581090
581800 582437
583392 584014
585108 585754
586698 587348
588062 588707
589385 590032
590611 591216
591730 592341
593100 593716
594510 595140
596136 596766
598001 598634
599903 600531
601941 602567
604163 604765
606380 606970
608514 609120
610771 611367
613146 613761
615433 616059
617519 618144
619464 620067
621293 621857
622866 623429
624209 624773
625390 625890
626399 626853
627591 628038
628952 629379
630054 630460
631293 631711
632542 632941
633669 634083
634782 635209
635970 636421
637279 637712
638642 639080
640078 640536
641416 641858
642966 643425
644579 645037
646055 646490
647571 648009
648893 649327
650170 650586
651223 651617
652350 652751
653576 653974
654861 655283
656134 656560
657651 658049
659088 659470
660448 660855
662029 662442
663678 664088
665570 665992
667481 667882
669456 669875
671302 671701
673048 673433
674850 675246
676629 677016
678213 678597
679940 680292
681821 682177
683935 684271
685930 686277
687705 688028
689231 689554
690526 690854
691657 691983
692873 693170
694103 694395
695239 695530
696135 696463
697090 697404
698267 698553
699319 699631
700488 700790
701539 701807
702432 702720
703298 703572
704003 704284
704477 704750
704876 705152
705299 705550
705617 705898
706059 706367
706606 706899
707049 707348
707608 707914
708043 708383
708489 708810
708887 709163
709214 709534
709535 709851
709972 710265
710316 710584
710690 710954
711083 711360
711516 711781
711839 712058
712204 712412
712491 712726
712887 713141
713508 713758
714175 714453
714988 715297
716070 716384
717193 717497
718352 718665
719726 720044
721292 721607
722703 723031
723972 724301
725045 725359
726301 726595
727372 727678
728472 728766
729360 729633
730120 730396
730730 730994
731430 731734
732166 732466
732884 733154
733710 733959
734665 734936
735772 736030
736839 737088
738116 738362
739557 739796
740827 741060
742146 742374
743289 743511
744363 744612
745313 745567
746171 746401
747013 747245
748049 748328
748994 749240
750047 750271
751027 751215
752084 752274
753314 753490
754643 754817
755902 756077
757309 757488
758540 758690
759779 759927
761089 761242
762607 762775
764341 764520
765875 766033
767548 767686
769224 769378
771020 771157
772858 772986
774933 775051
777228 777363
779663 779796
782214 782350
784680 784816
787187 787333
789763 789907
792320 792466
794696 794855
797246 797374
799715 799852
802194 802327
804850 804932
807503 807603
810171 810298
812660 812794
815307 815443
817974 818141
820685 820878
823654 823880
826853 827068
830205 830409
833419 833628
836394 836598
839142 839350
841835 842014
844722 844898
847778 847981
851024 851228
854197 854400
857140 857322
859931 860116
862659 862819
865584 865724
868699 868812
871590 871703
874386 874476
877318 877422
880381 880479
883446 883547
886541 886665
889714 889830
892950 893079
896070 896175
899089 899194
902165 902267
905184 905287
908174 908241
911108 911158
913906 913949
916896 916961
919950 920041
922919 923015
925678 925771
928233 928325
930941 931024
933605 933723
936411 936565
939213 939400
942234 942454
945069 945352
948068 948332
951212 951469
954372 954665
957576 957858
960930 961220
964147 964411
967505 967781
970872 971154
974485 974821
978386 978727
982194 982520
985917 986306
989925 990289
993678 994044
997268 997658
1000832 1001251
1004241 1004661
1007407 1007864
1010834 1011320
1014265 1014754
1017646 1018184
1021018 1021541
1024238 1024736
1027567 1028084
1030892 1031414
1034202 1034725
1037322 1037809
1040274 1040709
1043052 1043505
1045953 1046395
1049081 1049526
1052312 1052730
1055349 1055777
1058240 1058662
1061226 1061663
1064005 1064456
1066613 1067051
1069381 1069821
1072401 1072856
1075308 1075760
1078263 1078740
1081398 1081823
1084685 1085125
1088197 1088645
1091742 1092164
1095501 1095930
1099415 1099894
1103434 1103923
1107611 1108114
1111738 1112232
1115682 1116174
1119714 1120186
1123672 1124177
1127536 1128034
1131256 1131755
1135204 1135726
1139087 1139601
1143108 1143633
1147284 1147821
1151464 1151994
1155820 1156341
1160100 1160634
1164351 1164879
1168824 1169319
1173392 1173903
1177899 1178410
1182279 1182792
1186832 1187326
1191232 1191739
1195645 1196131
1199856 1200360
1203969 1204451
1207863 1208319
1211655 1212144
1215684 1216158
1219671 1220121
1223634 1224061
1227785 1228216
1231875 1232312
1235811 1236223
1239714 1240145
1243699 1244122
1247757 1248172
1251915 1252342
1256142 1256549
1260552 1260955
1264844 1265239
1269106 1269494
1273601 1274025
1277957 1278382
1282192 1282604
1286200 1286658
1290436 1290868
1294849 1295281
1299119 1299545
1303569 1304013
1308038 1308492
1312633 1313092
1317004 1317466
1321164 1321601
1325310 1325765
1329478 1329963
1333899 1334383
1338291 1338753
1342490 1342974
1346725 1347197
1350790 1351252
1355077 1355514
1359209 1359678
1363616 1364064
1368029 1368502
1372624 1373102
1377423 1377914
1382236 1382730
1386918 1387412
1391379 1391870
1395622 1396108
1399683 1400162
1403829 1404349
1408000 1408500
1411981 1412469
1416076 1416544
1420000 1420486
1424024 1424510
1428278 1428718
1432679 1433108
1437166 1437589
1441440 1441864
1445610 1446055
1449652 1450121
1453488 1453950
1457558 1457968
1461705 1462124
1465749 1466160
1469759 1470168
1473964 1474383
1478311 1478753
1482778 1483220
1487241 1487661
1491615 1492069
1496225 1496691
1500859 1501279
1505674 1506076
1510435 1510839
1515418 1515799
1520574 1520924
1525572 1525914
1530462 1530811
1535417 1535785
1540227 1540574
1544828 1545188
1549509 1549833
1553991 1554329
1558675 1559009
1563242 1563590
1567984 1568349
1572807 1573175
1577477 1577835
1582249 1582584
1586879 1587223
1591533 1591902
1596076 1596453
1600868 1601255
1605509 1605908
1609926 1610337
1614447 1614863
1619143 1619514
1623929 1624242
1628740 1629051
1633710 1634081
1638966 1639377
1644444 1644836
1649692 1650077
1654989 1655363
1660485 1660861
1665913 1666285
1671362 1671711
1677005 1677332
1682566 1682876
1688191 1688493
1693591 1693899
1699066 1699397
1704491 1704825
1709709 1710006
1715129 1715435
1720679 1720998
1726025 1726347
1731226 1731502
1736175 1736467
1740891 1741193
1745494 1745808
1749959 1750280
1754362 1754692
1758868 1759142
1763224 1763492
1767572 1767863
1771834 1772105
1776033 1776294
1780321 1780592
1784374 1784669
1788435 1788728
1792497 1792791
1796589 1796909
1800730 1801067
1804910 1805245
1808963 1809279
1813150 1813436
1817175 1817428
1821177 1821402
1825377 1825608
1829700 1829943
1834108 1834360
1838708 1838943
1843517 1843758
1848116 1848368
1852491 1852729
1857045 1857309
1861821 1862062
1866495 1866762
1871129 1871395
1875690 1875965
1880459 1880730
1885431 1885739
1890506 1890791
1895808 1896085
1901324 1901609
1906963 1907236
1912554 1912824
1918174 1918469
1924050 1924363
1930121 1930466
1936472 1936813
1942879 1943252
1949171 1949543
1955438 1955781
1961607 1962005
1967689 1968117
1973636 1974059
1979673 1980109
1985688 1986120
1991676 1992104
1997840 1998249
2004059 2004466
2010148 2010562
2016165 2016571
2022256 2022694
2028517 2028953
2034979 2035433
2041627 2042031
2048294 2048696
2055124 2055499
2062160 2062528
2069100 2069443
2076050 2076427
2082812 2083193
2089405 2089787
2095795 2096217
2102175 2102595
2108482 2108910
2114967 2115415
2121223 2121637
2127288 2127707
2133180 2133626
2138990 2139424
2144716 2145113
2150406 2150781
2155837 2156209
2161075 2161434
2166377 2166718
2171657 2171977
2176789 2177128
2182023 2182348
2187208 2187509
2192592 2192891
2197872 2198184
2203358 2203670
2208623 2208922
2213696 2213976
2218776 2219073
2223645 2223951
2228572 2228888
2233313 2233648
2238009 2238337
2242917 2243243
2247846 2248155
2252995 2253312
2258038 2258371
2263293 2263614
2268448 2268759
2273778 2274055
2279090 2279310
2284413 2284611
2289720 2289926
2294786 2294958
2299906 2300089
2305245 2305455
2310368 2310595
2315395 2315638
2320503 2320770
2325657 2325926
2330844 2331115
2335953 2336219
2340937 2341210
2345993 2346277
2351075 2351349
2356242 2356532
2361554 2361818
2366811 2367065
2372236 2372506
2377765 2378020
2383189 2383448
2388572 2388866
2393782 2394074
2399144 2399416
2404332 2404605
2409588 2409890
2414997 2415330
2420462 2420823
2425858 2426213
2431325 2431658
2436810 2437111
2442072 2442394
2447464 2447818
2452911 2453296
2458591 2458987
2464431 2464807
2470053 2470402
2475583 2475973
2481081 2481470
2486582 2486952
2491892 2492268
2497069 2497473
2502071 2502461
2507011 2507412
2511757 2512174
2516544 2516985
2521453 2521901
2526382 2526814
2531530 2531954
2536627 2537064
2541818 2542270
2546969 2547391
2552333 2552770
2557801 2558246
2563253 2563708
2568798 2569266
2574567 2575033
2580290 2580725
2585922 2586370
2591649 2592105
2597205 2597663
2602806 2603265
2608237 2608690
2613807 2614279
2619436 2619921
2625115 2625635
2630757 2631315
2636619 2637167
2642230 2642792
2647943 2648495
2653727 2654293
2659368 2659903
2665071 2665572
2670633 2671112
2675996 2676505
2681581 2682094
2686940 2687487
2692302 2692828
2697694 2698228
2702905 2703424
2708246 2708767
2713715 2714202
2719075 2719579
2724446 2724959
2729585 2730115
2734603 2735140
2739823 2740355
2745280 2745811
2750851 2751373
2756321 2756862
2761772 2762307
2767287 2767795
2772767 2773247
2778421 2778894
2783860 2784339
2789526 2790037
2795065 2795564
2800547 2801069
2806017 2806537
2811453 2811978
2816900 2817437
2822476 2823017
2828122 2828715
2833615 2834171
2838937 2839527
2844102 2844683
2849449 2850050
2855006 2855619
2860331 2860949
2865720 2866342
2871280 2871921
2876817 2877448
2882269 2882921
2887972 2888636
2893778 2894454
2899837 2900504
2905737 2906390
2911617 2912270
2917500 2918150
2923338 2923955
2929305 2929917
2935262 2935877
2941324 2941904
2947556 2948164
2953711 2954320
2959892 2960484
2966272 2966845
2972730 2973297
2979331 2979880
2985685 2986228
2991850 2992357
2998085 2998591
3004357 3004826
3010514 3010945
3016656 3017082
3022748 3023217
3028878 3029373
3035091 3035589
3041344 3041816
3047552 3048006
3053888 3054305
3059960 3060400
3065896 3066327
3071603 3072039
3077318 3077772
3082876 3083282
3088393 3088798
3094046 3094440
3099558 3099954
3105230 3105610
3110727 3111113
3116332 3116701
3122072 3122451
3127828 3128207
3133784 3134186
3139990 3140409
3146173 3146596
3152112 3152506
3157780 3158191
3163607 3164020
3169612 3170034
3175756 3176171
3181823 3182229
3187685 3188093
3193488 3193869
3199193 3199591
3204759 3205139
3210278 3210649
3215887 3216245
3221588 3221924
3227037 3227386
3232292 3232629
3237523 3237865
3242884 3243232
3248305 3248651
3253791 3254159
3259139 3259471
3264642 3265008
3269994 3270357
3275209 3275617
3280648 3281043
3286005 3286382
3291297 3291692
3296467 3296872
3301732 3302121
3307105 3307481
3312444 3312804
3317834 3318182
3323142 3323454
3328634 3328962
3333973 3334312
3339539 3339843
3345257 3345550
3351078 3351381
3356869 3357178
3362448 3362737
3368175 3368457
3373956 3374225
3379728 3379998
3385642 3385954
3391785 3392057
3398006 3398280
3404352 3404635
3410814 3411105
3417082 3417377
3423370 3423606
3429629 3429879
3435750 3435970
3441853 3442091
3448086 3448352
3454577 3454862
3460867 3461182
3467415 3467756
3474037 3474343
3480804 3481140
3487413 3487732
3493991 3494296
3500754 3501029
3507404 3507669
3513825 3514043
3520169 3520369
3526694 3526893
3533088 3533248
3539449 3539617
3545874 3546002
3552336 3552448
3558732 3558811
3565225 3565298
3571611 3571688
3578109 3578198
3584374 3584461
3590698 3590761
3596934 3597019
3602944 3603023
3608979 3609086
3615002 3615114
3621036 3621153
3627115 3627233
3633159 3633278
3639442 3639537
3645899 3645992
3652216 3652322
3658682 3658793
3665307 3665435
3671760 3671858
3678013 3678125
3684301 3684432
3690404 3690520
3696344 3696458
3702032 3702168
3707733 3707858
3713639 3713758
3719454 3719567
3725323 3725439
3730951 3731093
3736432 3736588
3741998 3742142
3747626 3747815
3753112 3753322
3758775 3758989
3764239 3764461
3769804 3769999
3775489 3775656
3781114 3781269
3786803 3786939
3792228 3792350
3797526 3797673
3802930 3803072
3808575 3808739
3814141 3814308
3819731 3819905
3825294 3825431
3830943 3831072
3836773 3836933
3842507 3842667
3848302 3848439
3854219 3854361
3859931 3860046
3865387 3865511
3871066 3871188
3876601 3876717
3882132 3882209
3887756 3887834
3893450 3893519
3899001 3899066
3904562 3904650
3910123 3910199
3915768 3915844
3921647 3921693
3927258 3927297
3932826 3932842
3938448 3938483
3944192 3944204
3949952 3949970
3955540 3955557
3961253 3961262
3966915 3966934
3972745 3972768
3978739 3978775
3984804 3984854
3990722 3990766
3996653 3996669
4002760 4002795
4008824 4008849
4015049 4015080
4021261 4021289
4027318 4027319
4033587 4033607
4040079 4040087
4046423 4046435
4052555 4052574
4058537 4058552
4064583 4064609
4070398 4070430
4076050 4076095
4081924 4081983
4088017 4088111
4094295 4094395
4100719 4100856
4107327 4107462
4113792 4113940
4120418 4120579
4126812 4126984
4133160 4133342
4139526 4139697
4145673 4145849
4151654 4151796
4157683 4157818
4163713 4163848
4169867 4170013
4176081 4176249
4182096 4182263
4188062 4188261
4193918 4194155
4199615 4199837
4205448 4205669
4211297 4211519
4217092 4217335
4223006 4223234
4228999 4229225
4235173 4235402
4241553 4241790
4247765 4248002
4253929 4254208
4259936 4260215
4265725 4265999
4271510 4271798
4277403 4277698
4283291 4283591
4289307 4289578
4295412 4295704
4301621 4301894
4307697 4307972
4313923 4314225
4320286 4320594
4326696 4327020
4333033 4333322
4339284 4339582
4345320 4345624
4351130 4351422
4357067 4357339
4363057 4363351
4369011 4369304
4375142 4375447
4381512 4381793
4387881 4388186
4394372 4394699
4401023 4401325
4407556 4407884
4413918 4414255
4420225 4420581
4426397 4426741
4432385 4432730
4438481 4438799
4444539 4444859
4450409 4450765
4456284 4456605
4462352 4462652
4468160 4468443
4473972 4474250
4479537 4479846
4485033 4485337
4490483 4490765
4495797 4496092
4500992 4501303
4506055 4506368
4510903 4511185
4515561 4515842
4520385 4520674
4525373 4525663
4530515 4530826
4535637 4535962
4540952 4541277
4546439 4546720
4551725 4551980
4557089 4557332
4562586 4562836
4568325 4568587
4574210 4574450
4579875 4580086
4585692 4585938
4591685 4591935
4597797 4598034
4603701 4603915
4609627 4609818
4615499 4615715
4621155 4621360
4626862 4627067
4632588 4632781
4638130 4638280
4643676 4643836
4649156 4649306
4654604 4654751
4659841 4660010
4665050 4665244
4670171 4670315
4675321 4675470
4680397 4680518
4685427 4685510
4690275 4690368
4695105 4695208
4700049 4700172
4704952 4705081
4709904 4710047
4714635 4714780
4719118 4719251
4723587 4723710
4727971 4728096
4732453 4732603
4736923 4737065
4741426 4741571
4745694 4745833
4749709 4749803
4753634 4753717
4757603 4757686
4761459 4761500
4765274 4765323
4769180 4769222
4773114 4773169
4776860 4776924
4780720 4780737
4784391 4784418
4788298 4788304
4792137 4792172
4795778 4795808
4799550 4799620
4803548 4803623
4807644 4807687
4811929 4812027
4816448 4816533
4820751 4820815
4825230 4825263
4829755 4829778
4834078 4834083
4838502 4838538
4842731 4842755
4846720 4846722
4850441 4850447
4854015 4854046
4857708 4857734
4861251 4861302
4865023 4865075
4868823 4868886
4872533 4872586
4876475 4876530
4880613 4880668
4884825 4884879
4889022 4889086
4893089 4893133
4897291 4897331
4901694 4901758
4906284 4906349
4910654 4910728
4914816 4914914
4918847 4918920
4922698 4922769
4926766 4926825
4930949 4931028
4934995 4935055
4939224 4939261
4943206 4943250
4947073 4947139
4951002 4951063
4954793 4954874
4958391 4958441
4962059 4962121
4965897 4965987
4969680 4969770
4973612 4973696
4977337 4977421
4981117 4981188
4984958 4985032
4988987 4989044
4992800 4992883
4996767 4996883
5000620 5000735
5004691 5004825
5008535 5008679
5012565 5012713
5016682 5016846
5020959 5021091
5025284 5025415
5029851 5029985
5034428 5034543
5039072 5039203
5043816 5043945
5048788 5048956
5053766 5053937
5058957 5059118
5064161 5064349
5069377 5069539
5074463 5074647
5079746 5079951
5085243 5085426
5090517 5090693
5095754 5095941
5101081 5101259
5106421 5106620
5111985 5112196
5117730 5117965
5123486 5123721
5129166 5129387
5134897 5135103
5140475 5140646
5145792 5145969
5150888 5151061
5155954 5156125
5160950 5161103
5166145 5166309
5171286 5171481
5176707 5176917
5182137 5182338
5187723 5187929
5193281 5193468
5198914 5199091
5204670 5204842
5210466 5210622
5216173 5216315
5222084 5222247
5227845 5228028
5233611 5233778
5239211 5239415
5244764 5244968
5250498 5250716
5256047 5256287
5261426 5261643
5266936 5267160
5272626 5272842
5278433 5278645
5284375 5284579
5290299 5290491
5296353 5296549
5302566 5302752
5308835 5309019
5314919 5315132
5321139 5321383
5327312 5327548
5333360 5333623
5339548 5339785
5345882 5346118
5352447 5352688
5359240 5359466
5366064 5366284
5372974 5373159
5379749 5379933
5386495 5386682
5393403 5393578
5400228 5400383
5407269 5407410
5414166 5414306
5420935 5421090
5427494 5427681
5433875 5434049
5440247 5440405
5446703 5446865
5453112 5453262
5459385 5459525
5465710 5465835
5472172 5472296
5478768 5478896
5485421 5485563
5492030 5492169
5498870 5499026
5505922 5506074
5512927 5513064
5519937 5520068
5526804 5526917
5533521 5533669
5540169 5540318
5546673 5546789
5553051 5553172
5559288 5559428
5565535 5565668
5571768 5571894
5578241 5578366
5584569 5584671
5590718 5590812
5596624 5596701
5602412 5602452
5607996 5608051
5613536 5613593
5618959 5618978
5624179 5624205
5629178 5629201
5634065 5634086
5638770 5638771
5643516 5643530
5648045 5648060
5652605 5652634
5657127 5657162
5661824 5661844
5666313 5666338
5671016 5671060
5675707 5675772
5680461 5680532
5685003 5685062
5689506 5689572
5693893 5693937
5698341 5698365
5702652 5702677
5706984 5706986
5711503 5711511
5715929 5715941
5720580 5720597
5725472 5725475
5730274 5730292
5735339 5735365
5740246 5740276
5745327 5745363
5750341 5750365
5755216 5755221
5759982 5759987
5764787 5764801
5769662 5769668
5774320 5774324
5778968 5778971
5783611 5783632
5788359 5788376
5792981 5792991
5797640 5797647
5802345 5802357
5807048 5807049
5811813 5811818
5816440 5816444
5820851 5820865
5825112 5825137
5829417 5829435
5833910 5833926
5838593 5838641
5843462 5843482
5848478 5848496
5853410 5853425
5858471 5858505
5863372 5863388
5868287 5868292
5873230 5873241
5878144 5878152
5883045 5883065
5888097 5888113
5893260 5893305
5898596 5898603
5903971 5903974
5909154 5909160
5914097 5914098
5919071 5919096
5924074 5924119
5928977 5929012
5933819 5933840
5938715 5938751
5943825 5943876
5949090 5949141
5954559 5954640
5959921 5960058
5965259 5965362
5970728 5970848
5976024 5976133
5981145 5981255
5986374 5986497
5991685 5991787
5996958 5997059
6002305 6002442
6007482 6007635
6012583 6012722
6017656 6017814
6022680 6022857
6027825 6027988
6032990 6033136
6038184 6038340
6043260 6043418
6048361 6048530
6053511 6053656
6058699 6058845
6064077 6064195
6069247 6069373
6074308 6074437
6079308 6079417
6084039 6084162
6088954 6089089
6093689 6093817
6098223 6098366
6102671 6102830
6107213 6107376
6111646 6111831
6116290 6116483
6121112 6121324
6125964 6126149
6130879 6131041
6135977 6136145
6140946 6141120
6146093 6146243
6151220 6151371
6156495 6156676
6161777 6161960
6167033 6167149
6172438 6172564
6177847 6177981
6183282 6183402
6188926 6189016
6194628 6194707
6200358 6200435
6206089 6206167
6211933 6212043
6217829 6217920
6223621 6223713
6229375 6229475
6235281 6235367
6241285 6241398
6247345 6247449
6253381 6253480
6259294 6259447
6265105 6265256
6270999 6271183
6277175 6277361
6283537 6283704
6289741 6289921
6295736 6295894
6301552 6301729
6307145 6307338
6312549 6312724
6317899 6318087
6323234 6323436
6328659 6328878
6334053 6334264
6339221 6339427
6344525 6344710
6349648 6349865
6354676 6354905
6359752 6359995
6365010 6365240
6370384 6370605
6375720 6375956
6381101 6381313
6386418 6386620
6391826 6392097
6397446 6397702
6403089 6403353
6408880 6409090
6414677 6414850
6420582 6420775
6426544 6426714
6432396 6432569
6438157 6438318
6443852 6444004
6449754 6449930
6455856 6456036
6462160 6462328
6468220 6468404
6474290 6474466
6480229 6480429
6486224 6486443
6492007 6492231
6497955 6498168
6504032 6504231
6510140 6510328
6516421 6516602
6522742 6522918
6529166 6529364
6535523 6535741
6541683 6541922
6547849 6548084
6554233 6554492
6560442 6560692
6566715 6566967
6573017 6573288
6579268 6579538
6585750 6586008
6592317 6592576
6599045 6599299
6606017 6606261
6612948 6613200
6619654 6619908
6626229 6626440
6632593 6632803
6639189 6639386
6645591 6645805
6651909 6652100
6658349 6658541
6664748 6664898
6670861 6671000
6677023 6677143
6683394 6683496
6689968 6690068
6696376 6696471
6702532 6702610
6708760 6708813
6715108 6715150
6721417 6721439
6727769 6727806
6734136 6734168
6740635 6740651
6746893 6746920
6753173 6753202
6759540 6759543
6765637 6765648
6771676 6771678
6777773 6777804
6783766 6783777
6789526 6789550
6795298 6795340
6800986 6801002
6806419 6806432
6812063 6812085
6817592 6817606
6823278 6823300
6829083 6829095
6835029 6835052
6841198 6841208
6847545 6847557
6854059 6854060
6860698 6860715
6867152 6867180
6873521 6873530
6879655 6879671
6885584 6885589
6891544 6891550
6897266 6897286
6902921 6902943
6908545 6908561
6914372 6914388
6920339 6920358
6926445 6926475
6932543 6932554
6938543 6938549
6944420 6944449
6950493 6950564
6956515 6956607
6962680 6962767
6968945 6969032
6975080 6975184
6981221 6981340
6987282 6987393
6993304 6993427
6999317 6999435
7005392 7005514
7011608 7011771
7018021 7018152
7024351 7024506
7030711 7030883
7037208 7037390
7043577 7043755
7049730 7049920
7056135 7056319
7062448 7062633
7068718 7068893
7074887 7075062
7081166 7081358
7087668 7087873
7094304 7094507
7101041 7101259
7107711 7107946
7114393 7114648
7121303 7121554
7128340 7128572
7135465 7135698
7142672 7142917
7149782 7150011
7157013 7157253
7164131 7164398
7171518 7171792
7179034 7179298
7186567 7186825
7194108 7194364
7201697 7201933
7209315 7209564
7216698 7216989
7224182 7224441
7231484 7231737
7238938 7239189
7246163 7246405
7253416 7253675
7260699 7260953
7267776 7268063
7274837 7275130
7281750 7282054
7288779 7289089
7295996 7296251
7303369 7303631
7310951 7311209
7318315 7318570
7325775 7326025
7333151 7333425
7340354 7340658
7347417 7347737
7354268 7354574
7361048 7361328
7367653 7367921
7374096 7374367
7380299 7380540
7386547 7386811
7392820 7393091
7399104 7399369
7405337 7405579
7411364 7411576
7417243 7417401
7423105 7423267
7428927 7429054
7434751 7434857
7440509 7440622
7446400 7446514
7452424 7452532
7458215 7458323
7464246 7464347
7470361 7470441
7476330 7476419
7482388 7482432
7488207 7488256
7494219 7494276
7500320 7500360
7506225 7506290
7511940 7511987
7517456 7517498
7522957 7523007
7528492 7528560
7534293 7534352
7539896 7539950
7545423 7545478
7551064 7551095
7556580 7556625
7562344 7562404
7568248 7568332
7574067 7574170
7579977 7580043
7585965 7586019
7591967 7592001
7597951 7597969
7603970 7603979
7610083 7610104
7616061 7616098
7621922 7621971
7627953 7627986
7634076 7634137
7640209 7640250
7646425 7646429
7652554 7652580
7658562 7658620
7664695 7664780
7670700 7670777
7676590 7676670
7682513 7682615
7688514 7688591
7694462 7694536
7700408 7700458
7706283 7706324
7711906 7711977
7717476 7717543
7722795 7722853
7727959 7728000
7733127 7733149
7738033 7738066
7743197 7743223
7748197 7748205
7753399 7753429
7758717 7758771
7764149 7764246
7769745 7769848
7775367 7775470
7780859 7780972
7786389 7786512
7792123 7792269
7797819 7797950
7803276 7803425
7808829 7809026
7814574 7814765
7820222 7820412
7825680 7825880
7831181 7831367
7836527 7836707
7841932 7842120
7847344 7847544
7852738 7852942
7858002 7858219
7863156 7863368
7868130 7868349
7872925 7873141
7877682 7877874
7882522 7882730
7887234 7887418
7892058 7892249
7896700 7896943
7901462 7901728
7906487 7906773
7911760 7912002
7916831 7917071
7921674 7921892
7926443 7926636
7931428 7931625
7936658 7936865
7941756 7941994
7947106 7947325
7952277 7952501
7957552 7957764
7962935 7963165
7968116 7968355
7973250 7973523
7978597 7978854
7983878 7984134
7989327 7989598
7994720 7994978
8000193 8000456
8005612 8005901
8011139 8011434
8016478 8016800
8021787 8022096
8027300 8027621
8032804 8033147
8038514 8038855
8044181 8044486
8049737 8050043
8055467 8055763
8060973 8061265
8066275 8066558
8071758 8072020
8077117 8077356
8082238 8082492
8087230 8087498
8092390 8092631
8097343 8097528
8102488 8102662
8107595 8107777
8112722 8112908
8117822 8118014
8123034 8123225
8128255 8128455
8133532 8133721
8138613 8138803
8143912 8144060
8149337 8149482
8154650 8154784
8159904 8160041
8165286 8165449
8170747 8170929
8176365 8176551
8182236 8182417
8188178 8188367
8194298 8194459
8200464 8200655
8206596 8206828
8212661 8212916
8218704 8218977
8224572 8224849
8230281 8230566
8235962 8236240
8241584 8241852
8247247 8247506
8252771 8253054
8258138 8258405
8263685 8263950
8269385 8269629
8275007 8275271
8280441 8280726
8286099 8286371
8291835 8292087
8297498 8297742
8303118 8303386
8308993 8309239
8314724 8315003
8320257 8320537
8325697 8325970
8331353 8331660
8336926 8337226
8342421 8342710
8347748 8347994
8353170 8353410
8358519 8358780
8363763 8364030
8369201 8369511
8374566 8374866
8379921 8380224
8385122 8385411
8390204 8390467
8395302 8395581
8400480 8400793
8405830 8406131
8410966 8411252
8416190 8416477
8421436 8421740
8426763 8427070
8432196 8432510
8437626 8437931
8442932 8443240
8448253 8448550
8453704 8454015
8459119 8459422
8464339 8464634
8469776 8470051
8475022 8475327
8480190 8480465
8485242 8485537
8490203 8490515
8495402 8495701
8500594 8500903
8505789 8506102
8510928 8511265
8516286 8516648
8521677 8522044
8526880 8527259
8532329 8532699
8538007 8538372
8543915 8544273
8550062 8550411
8556039 8556416
8562104 8562475
8568308 8568691
8574440 8574844
8580706 8581098
8586963 8587383
8593334 8593773
8599827 8600253
8606329 8606755
8612589 8613029
8618895 8619312
8625019 8625417
8631054 8631458
8637210 8637622
8643532 8643955
8649930 8650306
8656404 8656775
8662957 8663325
8669719 8670105
8676654 8677024
8683610 8683943
8690422 8690752
8697047 8697382
8703876 8704231
8710933 8711287
8718018 8718369
8725239 8725620
8732426 8732767
8739381 8739698
8746211 8746506
8752921 8753211
8759630 8759905
8766358 8766630
8773117 8773386
8779639 8779905
8785997 8786288
8792618 8792931
8799470 8799784
8806533 8806822
8813502 8813806
8820669 8820957
8827688 8827999
8834495 8834793
8841183 8841480
8847950 8848258
8854581 8854891
8861193 8861495
8867566 8867877
8873922 8874235
8880233 8880508
8886309 8886585
8892504 8892798
8898886 8899178
8905112 8905400
8911583 8911890
8918117 8918434
8924868 8925168
8931797 8932105
8938489 8938802
8945092 8945397
8951900 8952239
8958834 8959142
8965907 8966219
8972853 8973158
8979951 8980242
8987137 8987449
8994541 8994824
9002038 9002294
9009646 9009899
9017049 9017307
9024360 9024656
9031488 9031810
9038847 9039204
9046093 9046419
9053219 9053554
9060225 9060545
9067097 9067445
9073965 9074317
9080939 9081303
9087940 9088290
9095118 9095460
9102149 9102495
9109053 9109423
9116058 9116424
9122843 9123242
9129641 9130036
9136335 9136773
9143172 9143602
9150039 9150465
9156707 9157119
9163366 9163774
9169864 9170268
9176468 9176869
9182924 9183329
9189287 9189706
9195660 9196097
9202061 9202497
9208481 9208911
9214996 9215418
9221425 9221845
9228037 9228458
9234756 9235158
9241357 9241741
9248171 9248583
9254995 9255365
9262006 9262365
9269178 9269552
9276172 9276542
9282995 9283374
9289703 9290125
9296223 9296681
9302703 9303186
9309126 9309629
9315391 9315839
9321828 9322303
9328308 9328782
9334583 9335046
9340728 9341196
9347011 9347486
9353231 9353691
9359249 9359690
9365031 9365484
9371041 9371507
9377183 9377645
9383343 9383797
9389488 9389914
9395778 9396239
9401964 9402443
9408335 9408809
9414583 9415057
9421030 9421494
9427247 9427743
9433345 9433840
9439612 9440087
9445944 9446420
9452405 9452911
9458864 9459369
9465404 9465880
9471884 9472354
9478361 9478838
9484899 9485397
9491425 9491928
9497966 9498470
9504549 9505075
9511162 9511690
9518001 9518524
9525054 9525572
9532270 9532794
9539598 9540142
9546860 9547418
9554023 9554605
9561044 9561609
9568160 9568726
9575418 9575919
9582693 9583219
9590044 9590598
9597255 9597769
9604393 9604907
9611567 9612050
9618579 9619047
9625433 9625882
9632030 9632465
9638672 9639111
9645225 9645649
9651522 9651953
9657954 9658395
9664147 9664571
9670450 9670880
9676977 9677401
9683546 9683949
9690276 9690676
9697120 9697518
9703822 9704220
9710524 9710898
9717178 9717571
9723660 9724091
9730308 9730753
9737081 9737530
9743958 9744420
9750636 9751099
9757535 9757978
9764565 9765026
9771482 9771920
9778335 9778775
9785109 9785570
9791865 9792333
9798694 9799229
9805386 9805893
9811991 9812531
9818650 9819194
9825514 9826060
9832557 9833109
9839486 9840037
9846359 9846923
9853293 9853872
9860115 9860655
9866889 9867416
9873563 9874080
9880282 9880777
9886808 9887328
9893307 9893855
9899892 9900419
9906295 9906840
9912483 9913001
9918511 9919012
9924767 9925273
9930782 9931271
9936872 9937374
9943119 9943620
9949126 9949593
9955296 9955761
9961215 9961640
9967112 9967540
9973261 9973675
9979151 9979548
9984997 9985388
9990746 9991161
9996522 9996912
10002292 10002701
10008051 10008457
10013658 10014022
10019025 10019417
10024330 10024725
10029501 10029899
10034481 10034885
10039538 10039954
10044376 10044806
10049434 10049880
10054749 10055188
10060054 10060484
10065285 10065694
10070736 10071146
10076337 10076745
10081972 10082403
10087653 10088093
10093563 10094028
10099343 10099836
10105339 10105851
10111442 10111929
10117629 10118138
10123620 10124128
10129475 10129979
10135417 10135887
10141126 10141630
10146947 10147414
10152864 10153326
10158814 10159271
10164776 10165262
10170808 10171304
10176831 10177313
10182851 10183349
10188693 10189203
10194401 10194915
10200106 10200622
10205893 10206368
10211401 10211871
10216833 10217290
10222120 10222584
10227262 10227682
10232183 10232625
10236878 10237308
10241645 10242080
10246307 10246688
10250902 10251315
10255597 10256009
10260251 10260656
10264714 10265112
10268997 10269392
10273260 10273681
10277781 10278195
10282282 10282698
10286910 10287348
10291508 10291959
10295988 10296414
10300366 10300801
10304599 10305081
10308961 10309452
10313349 10313868
10317760 10318306
10322225 10322815
10326926 10327526
10331410 10331987
10335858 10336447
10340280 10340845
10344785 10345340
10349392 10349982
10353985 10354555
10358379 10358955
10362930 10363514
10367297 10367882
10371866 10372419
10376639 10377210
10381551 10382092
10386599 10387126
10391805 10392313
10397005 10397527
10402070 10402588
10407139 10407637
10412092 10412579
10417022 10417547
10421816 10422335
10426415 10426930
10430961 10431478
10435625 10436137
10440461 10440947
10445239 10445738
10450025 10450546
10454685 10455157
10459292 10459780
10464138 10464650
10468983 10469504
10473752 10474269
10478670 10479181
10483563 10484072
10488325 10488826
10492927 10493432
10497318 10497801
10501860 10502349
10506610 10507129
10511460 10511975
10516323 10516849
10521161 10521684
10526137 10526683
10531091 10531609
10536142 10536647
10541371 10541877
10546709 10547240
10551980 10552526
10557505 10558058
10563178 10563746
10568798 10569331
10574262 10574843
10579692 10580245
10585124 10585680
10590504 10591046
10595636 10596185
10600927 10601464
10605993 10606535
10611044 10611556
10615944 10616461
10621054 10621559
10626213 10626719
10631453 10632020
10636792 10637359
10642070 10642627
10647532 10648082
10653086 10653637
10658494 10659053
10663974 10664516
10669443 10669979
10674948 10675481
10680480 10681061
10686279 10686860
10692154 10692728
10698261 10698850
10704513 10705099
10710962 10711524
10717290 10717844
10723447 10723969
10729380 10729876
10735417 10735908
10741560 10742042
10747808 10748263
10753861 10754308
10759819 10760285
10765556 10766048
10771355 10771842
10776947 10777411
10782754 10783250
10788423 10788919
10794268 10794784
10800186 10800698
10806284 10806773
10812604 10813071
10818816 10819298
10825226 10825692
10831635 10832103
10838178 10838645
10844730 10845226
10851350 10851859
10858074 10858600
10864670 10865219
10871275 10871801
10877663 10878183
10884195 10884732
10890595 10891123
10897209 10897733
10903757 10904254
10910524 10911014
10917342 10917868
10924399 10924945
10931524 10932073
10938693 10939228
10946074 10946607
10953367 10953932
10960701 10961265
10967806 10968372
10974722 10975273
10981414 10981995
10988168 10988755
10994717 10995291
11001232 11001814
11007921 11008486
11014440 11015013
11020764 11021344
11027343 11027961
11033987 11034583
11040500 11041071
11047231 11047804
11054186 11054741
11061125 11061694
11068187 11068764
11075247 11075805
11082063 11082601
11088789 11089313
11095275 11095786
11101577 11102097
11107991 11108525
11114217 11114772
11120295 11120865
11126508 11127079
11132839 11133417
11139282 11139870
11145959 11146536
11152391 11152974
11159061 11159672
11165593 11166226
11172319 11172954
11179028 11179675
11185681 11186336
11192549 11193194
11199376 11199977
11205989 11206597
11212648 11213283
11219280 11219922
11225998 11226630
11232751 11233409
11239330 11239959
11246026 11246638
11252480 11253074
11258701 11259301
11265008 11265606
11271210 11271831
11277603 11278241
11283993 11284646
11290470 11291123
11296965 11297634
11303397 11304038
11309623 11310293
11315750 11316432
11321760 11322426
11327591 11328237
11333626 11334243
11339382 11339996
11345096 11345707
11350871 11351517
11356747 11357390
11362653 11363286
11368545 11369175
11374413 11375055
11380412 11381044
11386434 11387034
11392514 11393115
11398415 11399024
11404187 11404802
11410113 11410726
11416210 11416839
11422498 11423157
11428850 11429482
11435343 11435969
11441863 11442497
11448287 11448927
11454887 11455549
11461306 11461928
11467813 11468442
11474383 11475021
11480945 11481610
11487653 11488287
11494361 11495003
11500869 11501525
11507370 11508036
11513676 11514383
11520053 11520755
11526214 11526940
11532599 11533334
11539117 11539856
11545495 11546227
11551985 11552736
11558420 11559179
11564795 11565539
11571153 11571896
11577306 11578054
11583447 11584234
11589514 11590295
11595326 11596101
11601201 11601948
11607223 11607980
11613157 11613911
11619104 11619887
11624834 11625611
11630515 11631274
11635977 11636764
11641293 11642084
11646510 11647321
11651952 11652772
11657164 11657979
11662367 11663160
11667485 11668312
11672476 11673316
11677490 11678325
11682512 11683323
11687269 11688058
11691850 11692620
11696649 11697401
11701582 11702324
11706647 11707403
11711738 11712516
11717040 11717850
11722574 11723384
11727983 11728801
11733424 11734239
11738805 11739603
11743999 11744805
11749063 11749875
11754133 11754958
11759078 11759902
11764157 11765002
11769066 11769915
11773926 11774779
11779010 11779849
11784183 11785067
11789378 11790279
11794811 11795726
11800396 11801315
11805857 11806803
11811559 11812510
11817385 11818383
11823366 11824388
11829407 11830450
11835524 11836557
11841447 11842448
11847307 11848302
11853268 11854314
11859426 11860473
11865480 11866511
11871638 11872704
11877805 11878873
11883953 11885034
11889957 11891006
11895970 11897023
11901868 11902892
11907701 11908751
11913628 11914704
11919631 11920720
11925543 11926651
11931606 11932714
11937541 11938641
11943351 11944410
11949308 11950347
11955337 11956403
11961471 11962525
11967525 11968596
11973778 11974853
11979893 11980968
11985844 11986906
11992013 11993105
11998403 11999485
12004858 12005957
12011307 12012385
12017913 12018974
12024448 12025513
12030912 12031974
12037484 12038517
12044177 12045203
12050887 12051891
12057816 12058820
12064769 12065782
12071525 12072536
12078280 12079303
12085121 12086132
12092174 12093142
12099001 12099987
12105954 12106919
12113102 12114098
12120521 12121532
12128107 12129127
12135478 12136476
12142712 12143703
12149999 12151018
12157422 12158426
12164911 12165914
12172458 12173409
12180186 12181150
12187777 12188758
12195189 12196179
12202745 12203730
12210120 12211096
12217511 12218512
12224773 12225789
12232138 12233188
12239324 12240415
12246342 12247463
12253372 12254495
12260610 12261746
12267999 12269147
12275225 12276392
12282572 12283722
12290113 12291251
12297504 12298650
12304754 12305889
12312170 12313312
12319655 12320783
12326937 12328059
12334026 12335159
12341225 12342338
12348386 12349488
12355385 12356489
12362470 12363536
12369369 12370441
12376364 12377420
12383419 12384492
12390643 12391723
12397649 12398761
12404670 12405791
12411513 12412639
12418501 12419618
12425235 12426331
12431811 12432933
12438249 12439392
12444854 12445984
12451207 12452355
12457732 12458902
12464297 12465440
12471004 12472150
12477785 12478928
12484489 12485633
12491035 12492184
12497464 12498581
12503845 12504977
12510318 12511467
12516990 12518145
12523625 12524791
12530022 12531189
12536523 12537712
12543165 12544352
12549811 12550969
12556258 12557429
12562739 12563915
12569320 12570494
12575806 12577017
12582578 12583757
12589368 12590518
12596027 12597203
12602729 12603904
12609429 12610623
12616343 12617553
12623068 12624286
12629579 12630789
12636148 12637341
12642545 12643741
12648797 12649996
12654817 12656041
12661034 12662227
12667361 12668556
12673894 12675094
12680253 12681453
12686676 12687903
12693045 12694267
12699508 12700749
12706117 12707370
12712940 12714170
12719664 12720914
12726372 12727611
12733175 12734395
12740004 12741198
12746882 12748063
12753829 12754983
12760879 12762032
12768070 12769209
12775218 12776368
12782192 12783337
12789309 12790453
12796188 12797336
12803002 12804143
12809569 12810717
12816077 12817199
12822514 12823637
12829053 12830177
12835803 12836905
12842616 12843702
12849206 12850303
12855909 12857010
12862545 12863648
12869312 12870425
12875882 12877009
12882276 12883399
12888820 12889926
12895361 12896470
12902056 12903183
12908561 12909715
12914862 12916026
12921038 12922208
12927279 12928458
12933352 12934491
12939325 12940461
12945114 12946257
12951110 12952223
12956958 12958095
12962583 12963719
12968306 12969449
12974180 12975283
12980151 12981262
12986057 12987158
12992078 12993146
12997988 12999049
13003769 13004847
13009715 13010796
13015517 13016607
13021227 13022291
13026919 13027967
13032702 13033746
13038468 13039519
13044406 13045435
13050264 13051260
13056240 13057244
13061988 13063001
13067742 13068754
13073632 13074632
13079278 13080305
13084930 13085976
13090375 13091434
13096055 13097137
13101640 13102721
13106999 13108069
13112098 13113166
13117237 13118294
13122351 13123409
13127294 13128357
13132136 13133218
13137121 13138205
13142102 13143179
13147185 13148238
13152108 13153177
13156900 13158011
13161497 13162631
13166156 13167281
13171046 13172186
13175963 13177110
13181093 13182223
13186066 13187188
13190853 13192023
13195803 13196966
13200932 13202110
13205871 13207029
13210878 13212061
13216037 13217197
13221117 13222294
13226183 13227362
13231205 13232374
13236033 13237230
13240785 13241969
13245753 13246968
13250765 13251998
13255912 13257163
13260985 13262242
13265949 13267239
13270738 13271986
13275689 13276963
13280534 13281813
13285484 13286788
13290267 13291572
13294903 13296188
13299271 13300526
13303362 13304625
13307420 13308686
13311498 13312752
13315591 13316872
13319501 13320768
13323351 13324617
13327212 13328459
13331042 13332307
13334755 13335987
13338316 13339538
13341937 13343130
13345756 13346964
13349632 13350842
13353522 13354753
13357409 13358616
13361408 13362625
13365350 13366609
13369454 13370713
13373420 13374717
13377448 13378737
13381233 13382526
13385142 13386405
13389260 13390528
13393255 13394522
13397372 13398663
13401597 13402878
13405671 13406953
13409883 13411170
13413910 13415195
13418132 13419429
13422202 13423510
13426104 13427385
13430222 13431483
13434274 13435541
13438438 13439717
13442519 13443808
13446722 13448006
13450822 13452130
13454990 13456301
13459140 13460498
13463538 13464846
13467980 13469295
13472331 13473690
13476503 13477863
13480657 13482008
13484849 13486174
13489225 13490539
13493727 13495062
13498464 13499811
13503151 13504510
13508099 13509456
13513133 13514505
13518211 13519599
13523288 13524673
13528465 13529854
13533480 13534887
13538387 13539794
13543287 13544711
13548261 13549670
13553254 13554682
13558313 13559773
13563552 13564988
13568634 13570088
13573523 13574990
13578525 13580022
13583548 13585037
13588335 13589794
13593054 13594494
13597976 13599456
13603101 13604535
13608205 13609642
13613493 13614904
13618774 13620177
13624088 13625493
13629527 13630936
13635199 13636613
13640992 13642399
13646642 13648048
13652100 13653496
13657663 13659068
13663005 13664393
13668551 13669945
13673990 13675391
13679283 13680730
13684475 13685919
13689857 13691285
13695203 13696623
13700594 13701992
13705749 13707152
13711038 13712409
13716448 13717815
13721723 13723039
13727182 13728467
13732399 13733696
13737476 13738774
13742656 13743950
13748036 13749348
13753665 13754986
13759416 13760727
13765341 13766659
13771125 13772404
13776829 13778145
13782792 13784103
13788689 13789986
13794350 13795609
13799897 13801146
13805542 13806773
13811059 13812255
13816518 13817683
13822011 13823147
13827546 13828689
13832945 13834074
13838178 13839316
13843390 13844528
13848543 13849673
13853624 13854780
13858538 13859718
13863329 13864538
13868224 13869426
13873187 13874378
13878345 13879558
13883495 13884705
13888585 13889795
13893657 13894852
13898634 13899820
13903382 13904585
13907943 13909149
13912430 13913638
13917035 13918230
13921824 13923009
13926580 13927745
13931338 13932483
13935978 13937128
13940401 13941561
13944982 13946128
13949322 13950496
13953900 13955073
13958536 13959702
13963088 13964264
13967711 13968888
13972430 13973603
13977030 13978193
13981780 13982943
13986659 13987841
13991410 13992591
13995996 13997167
14000473 14001664
14004995 14006163
14009282 14010466
14013769 14014940
14018180 14019364
14022613 14023797
14026919 14028063
14031158 14032317
14035496 14036654
14039666 14040826
14043794 14044950
14047790 14048944
14051823 14053004
14055978 14057172
14060379 14061573
14064588 14065779
14068725 14069915
14072692 14073904
14076773 14077972
14080820 14081997
14085009 14086191
14089026 14090218
14092974 14094154
14097011 14098201
14101018 14102187
14104866 14106035
14108695 14109872
14112552 14113684
14116367 14117504
14120386 14121509
14124416 14125531
14128588 14129716
14132604 14133718
14136381 14137497
14140093 14141202
14143950 14145088
14147674 14148758
14151271 14152376
14154917 14156007
14158787 14159882
14162582 14163668
14166346 14167458
14170099 14171189
14174042 14175128
14178074 14179140
14181868 14182926
14185440 14186494
14188906 14189977
14192547 14193596
14196231 14197306
14199870 14200917
14203512 14204558
14207044 14208079
14210628 14211682
14214319 14215387
14218000 14219062
14221597 14222666
14225416 14226488
14229343 14230429
14233207 14234281
14237206 14238311
14241102 14242201
14244792 14245858
14248248 14249331
14251733 14252791
14255068 14256113
14258562 14259594
14262267 14263290
14265956 14266969
14269491 14270506
14273154 14274161
14276581 14277591
14280006 14281021
14283382 14284365
14286561 14287539
14289880 14290883
14293139 14294138
14296363 14297355
14299713 14300694
14303287 14304270
14306994 14307976
14310757 14311748
14314478 14315481
14318135 14319129
14321640 14322628
14325076 14326057
14328719 14329689
14332438 14333405
14335962 14336940
14339385 14340394
14342908 14343918
14346429 14347432
14349800 14350811
14353410 14354409
14356922 14357946
14360489 14361519
14363912 14364954
14367537 14368587
14370992 14372035
14374318 14375350
14377575 14378618
14380834 14381891
14384103 14385155
14387535 14388584
14391048 14392091
14394669 14395724
14398331 14399386
14402222 14403284
14406350 14407400
14410667 14411705
14414827 14415881
14418882 14419941
14423050 14424106
14427371 14428416
14431710 14432750
14436080 14437106
14440285 14441313
14444721 14445773
14449006 14450067
14453191 14454268
14457462 14458520
14461628 14462693
14465604 14466658
14469774 14470811
14473838 14474861
14477937 14478968
14481936 14482966
14486142 14487148
14490505 14491500
14494793 14495796
14498846 14499870
14502956 14503943
14507020 14508004
14511310 14512283
14515459 14516429
14519405 14520393
14523611 14524595
14527616 14528623
14531490 14532478
14535133 14536108
14538585 14539588
14542211 14543202
14545615 14546607
14548818 14549823
14552253 14553249
14555639 14556640
14559213 14560226
14562996 14563996
14566634 14567635
14570059 14571013
14573424 14574404
14576966 14577944
14580423 14581406
14583669 14584656
14586803 14587792
14589883 14590874
14592896 14593881
14596089 14597082
14599201 14600150
14602164 14603123
14605363 14606328
14608753 14609721
14612010 14612964
14615304 14616259
14618834 14619770
14622363 14623278
14625654 14626576
14629082 14630006
14632599 14633544
14636148 14637072
14639699 14640637
14643286 14644207
14647094 14648041
14650958 14651901
14654696 14655625
14658390 14659313
14661900 14662820
14665360 14666302
14668998 14669965
14672793 14673792
14676613 14677612
14680215 14681220
14683670 14684684
14687055 14688080
14690610 14691643
14694047 14695094
14697303 14698335
14700583 14701623
14703797 14704839
14706915 14707951
14710022 14711032
14713131 14714126
14716451 14717446
14719659 14720664
14722752 14723795
14726118 14727183
14729519 14730628
14732788 14733921
14736121 14737282
14739403 14740575
14742936 14744075
14746604 14747759
14750148 14751322
14753894 14755085
14757790 14758993
14761748 14762998
14765589 14766861
14769300 14770549
14773119 14774356
14776714 14777952
14780067 14781309
14783632 14784884
14786984 14788238
14790547 14791800
14794057 14795321
14797491 14798763
14801073 14802342
14804448 14805727
14808064 14809324
14811526 14812773
14815051 14816294
14818473 14819737
14821735 14823034
14825023 14826337
14828546 14829848
14832161 14833440
14835583 14836843
14838831 14840132
14842172 14843482
14845485 14846802
14848640 14849949
14851716 14853021
14854837 14856127
14857804 14859088
14860595 14861886
14863143 14864444
14865787 14867109
14868499 14869796
14871360 14872685
14874342 14875684
14877409 14878739
14880698 14882024
14884089 14885429
14887457 14888769
14890588 14891905
14893850 14895152
14896853 14898153
14900041 14901344
14903349 14904664
14906638 14907921
14909863 14911136
14912845 14914120
14915581 14916873
14918399 14919689
14921115 14922388
14923995 14925259
14926759 14928030
14929426 14930691
14931919 14933180
14934600 14935829
14937300 14938524
14940193 14941380
14943225 14944419
14946271 14947432
14949332 14950481
14952567 14953719
14955868 14957039
14959296 14960487
14962789 14963960
14966025 14967186
14969105 14970273
14972225 14973399
14975340 14976509
14978270 14979413
14981024 14982134
14983894 14984996
14986828 14987935
14989805 14990883
14992675 14993735
14995640 14996688
14998485 14999535
15001143 15002172
15003590 15004609
15006242 15007262
15008862 15009853
15011361 15012373
15013715 15014730
15016244 15017230
15018778 15019778
15021464 15022452
15024322 15025321
15027087 15028089
15030017 15031027
15032751 15033739
15035301 15036237
15037737 15038661
15040264 15041205
15042645 15043600
15044875 15045823
15047204 15048178
15049767 15050756
15052231 15053208
15054652 15055666
15057148 15058135
15059397 15060384
15061860 15062891
15064613 15065650
15067275 15068334
15069873 15070943
15072554 15073618
15075017 15076093
15077345 15078394
15079612 15080696
15081879 15082987
15084261 15085330
15086770 15087868
15089313 15090393
15091809 15092897
15094472 15095593
15097318 15098464
15100157 15101324
15103126 15104258
15105812 15106972
15108363 15109514
15110868 15112031
15113305 15114475
15115756 15116905
15118152 15119283
15120727 15121848
15123444 15124585
15126299 15127434
15128922 15130077
15131702 15132881
15134679 15135836
15137617 15138789
15140673 15141831
15143776 15144953
15147127 15148303
15150417 15151587
15153576 15154727
15156712 15157869
15159742 15160878
15162692 15163853
15165454 15166583
15167975 15169134
15170350 15171488
15172472 15173611
15174774 15175895
15176899 15178023
15179010 15180139
15181199 15182354
15183519 15184686
15185774 15186966
15188208 15189407
15190474 15191678
15192922 15194131
15195194 15196417
15197417 15198627
15199458 15200676
15201282 15202513
15203093 15204341
15204700 15205985
15206463 15207769
15208465 15209785
15210653 15211947
15212711 15214019
15215022 15216344
15217454 15218753
15219968 15221248
15222314 15223573
15224578 15225799
15227006 15228216
15229236 15230460
15231338 15232574
15233447 15234675
15235674 15236896
15237741 15238936
15239786 15241017
15242073 15243299
15244138 15245395
15245993 15247271
15247860 15249164
15249563 15250877
15251481 15252797
15253249 15254601
15255181 15256503
15257178 15258490
15259092 15260386
15260962 15262243
15262869 15264169
15264974 15266294
15266980 15268299
15268994 15270320
15271070 15272419
15272987 15274326
15274704 15276022
15276546 15277860
15278281 15279582
15280078 15281393
15281895 15283229
15283842 15285140
15285604 15286914
15287509 15288798
15289529 15290810
15291459 15292726
15293374 15294616
15295257 15296493
15297263 15298479
15299208 15300399
15300979 15302161
15302574 15303781
15304216 15305422
15305954 15307190
15307907 15309177
15309678 15310952
15311366 15312612
15312888 15314111
15314176 15315410
15315651 15316900
15317207 15318444
15318653 15319899
15320181 15321445
15321739 15322988
15323214 15324497
15324730 15326014
15326483 15327755
15328453 15329702
15330301 15331573
15332116 15333406
15333759 15335052
15335249 15336554
15336888 15338183
15338322 15339654
15339783 15341120
15341141 15342435
15342476 15343787
15343813 15345135
15345381 15346720
15347171 15348511
15349146 15350478
15351163 15352499
15353103 15354453
15354952 15356306
15356565 15357909
15358161 15359474
15359899 15361238
15361642 15363002
15363555 15364879
15365539 15366874
15367429 15368783
15369394 15370722
15371184 15372523
15372912 15374283
15374783 15376135
15376484 15377839
15378308 15379655
15380016 15381335
15381691 15382997
15383580 15384903
15385394 15386725
15387079 15388389
15388679 15389964
15390148 15391430
15391618 15392909
15393172 15394459
15394736 15396002
15396206 15397489
15397630 15398911
15399069 15400362
15400763 15402054
15402405 15403669
15404064 15405339
15405849 15407144
15407412 15408724
15408753 15410088
15410163 15411486
15411686 15413008
15413127 15414443
15414469 15415780
15415977 15417294
15417316 15418613
15418661 15419939
15420178 15421516
15421570 15422924
15423017 15424395
15424670 15426018
15426306 15427662
15427929 15429263
15429283 15430595
15430613 15431916
15432018 15433317
15433335 15434608
15434708 15435952
15436291 15437568
15437924 15439188
15439641 15440870
15441169 15442384
15442750 15443955
15444188 15445389
15445780 15446982
15447434 15448636
15449259 15450492
15451303 15452547
15453238 15454488
15455264 15456506
15457297 15458553
15459420 15460666
15461476 15462738
15463591 15464862
15465733 15466963
15467922 15469153
15470205 15471468
15472371 15473601
15474587 15475814
15476754 15477974
15479098 15480339
15481674 15482926
15484285 15485545
15486804 15488064
15489154 15490380
15491706 15492938
15494329 15495562
15497065 15498306
15500048 15501295
15502882 15504108
15505570 15506837
15508340 15509587
15511133 15512373
15514068 15515333
15517194 15518493
15520554 15521875
15523877 15525190
15527315 15528659
15530848 15532167
15534495 15535760
15538158 15539416
15541664 15542932
15545213 15546518
15549001 15550307
15552740 15554064
15556303 15557610
15559632 15560947
15562887 15564199
15566231 15567568
15569432 15570733
15572821 15574112
15576055 15577331
15579179 15580472
15582296 15583595
15585614 15586894
15589091 15590348
15592754 15593989
15596513 15597792
15600453 15601757
15604219 15605517
15608198 15609484
15612227 15613508
15616435 15617729
15620500 15621797
15624394 15625683
15628493 15629796
15632666 15633980
15636913 15638232
15641394 15642693
15645999 15647294
15650410 15651735
15654760 15656112
15659138 15660486
15663411 15664769
15667941 15669270
15672516 15673856
15676869 15678210
15681103 15682465
15685297 15686653
15689712 15691049
15694203 15695548
15698614 15699983
15702916 15704304
15707137 15708497
15711351 15712736
15715420 15716782
15719464 15720808
15723687 15725016
15728035 15729380
15732287 15733624
15736506 15737843
15740654 15742037
15745047 15746446
15749645 15751043
15754093 15755513
15758336 15759743
15762490 15763886
15766865 15768240
15771154 15772548
15775671 15777041
15779983 15781316
15784342 15785649
15788910 15790248
15793607 15794938
15798097 15799442
15802729 15804103
15807232 15808606
15811845 15813204
15816563 15817922
15821308 15822656
15826242 15827567
15831296 15832658
15836567 15837928
15841934 15843305
15847554 15848933
15853251 15854621
15858897 15860294
15864550 15865936
15870306 15871703
15876012 15877391
15881532 15882942
15887264 15888706
15893013 15894487
15898969 15900454
15905035 15906513
15911288 15912798
15917342 15918863
15923252 15924767
15929171 15930669
15934942 15936458
15940931 15942470
15946840 15948374
15952954 15954497
15958865 15960417
15964838 15966356
15970908 15972430
15977118 15978636
15983082 15984583
15988964 15990440
15994752 15996244
16000600 16002091
16006354 16007837
16012069 16013578
16017748 16019228
16023541 16025032
16029447 16030957
16035511 16037013
16041479 16042987
16047664 16049194
16053891 16055436
16060141 16061692
16066221 16067772
16072210 16073772
16078335 16079888
16084324 16085897
16090528 16092145
16096564 16098203
16102575 16104178
16108765 16110351
16115002 16116595
16121284 16122870
16127804 16129369
16134304 16135906
16140960 16142580
16147399 16148994
16153826 16155379
16159998 16161523
16166092 16167619
16172078 16173601
16177977 16179490
16183880 16185418
16189694 16191219
16195685 16197226
16201829 16203362
16208198 16209720
16214424 16215989
16220854 16222399
16227424 16228936
16233741 16235270
16239845 16241359
16245980 16247501
16252318 16253861
16258663 16260225
16265130 16266712
16271707 16273289
16278250 16279844
16284847 16286426
16291433 16293028
16297879 16299508
16304274 16305921
16310572 16312213
16317056 16318652
16323281 16324895
16329484 16331107
16335831 16337440
16342287 16343899
16348952 16350536
16355657 16357255
16362176 16363757
16368508 16370116
16374913 16376523
16381119 16382705
16387108 16388748
16392954 16394575
16398939 16400557
16404752 16406344
16410400 16412020
16415891 16417511
16421430 16423046
16427209 16428811
16433094 16434729
16439114 16440758
16445364 16447002
16451721 16453372
16458056 16459696
16464141 16465808
16470227 16471917
16476447 16478148
16482765 16484511
16488997 16490697
16495206 16496911
16501540 16503270
16507662 16509413
16514053 16515773
16520214 16521903
16526373 16528057
16532447 16534110
16538711 16540354
16544813 16546451
16550970 16552620
16557214 16558869
16563534 16565167
16569732 16571341
16576151 16577794
16582627 16584264
16589232 16590865
16595641 16597296
16601933 16603589
16608385 16610029
16614838 16616496
16621104 16622702
16627455 16629045
16633725 16635329
16639975 16641577
16646074 16647665
16651924 16653536
16657808 16659415
16663709 16665322
16669781 16671378
16675667 16677273
16681575 16683162
16687619 16689189
16693896 16695474
16700159 16701726
16706252 16707805
16712534 16714114
16718909 16720480
16725352 16726906
16731750 16733323
16738119 16739708
16744453 16746061
16750736 16752360
16756804 16758445
16762860 16764491
16768987 16770602
16775222 16776862
16781246 16782898
16787485 16789133
16793766 16795425
16800277 16801923
16806832 16808464
16813203 16814817
16819752 16821421
16826529 16828204
16833465 16835151
16840490 16842195
16847744 16849468
16855072 16856827
16862675 16864415
16870436 16872195
16878350 16880125
16886172 16887951
16893942 16895720
16901759 16903549
16909785 16911575
16917945 16919757
16925938 16927782
16933970 16935833
16941848 16943724
16949652 16951527
16957222 16959106
16965001 16966869
16972537 16974425
16980117 16982014
16987689 16989561
16995390 16997268
17003312 17005184
17011282 17013156
17019053 17020946
17026984 17028904
17035165 17037050
17043251 17045128
17051558 17053430
17059651 17061502
17067789 17069652
17075869 17077723
17083732 17085580
17091406 17093239
17099299 17101133
17107139 17108945
17114898 17116732
17122631 17124459
17130309 17132160
17137840 17139665
17145436 17147236
17152786 17154605
17160212 17162035
17167447 17169288
17174904 17176725
17182235 17184057
17189466 17191262
17196826 17198656
17204419 17206236
17211851 17213650
17219364 17221178
17227106 17228930
17234970 17236834
17242702 17244589
17250236 17252158
17257865 17259771
17265295 17267181
17272830 17274726
17280564 17282428
17288458 17290327
17296520 17298358
17304791 17306639
17313302 17315183
17322085 17323952
17330767 17332611
17339386 17341219
17348153 17349971
17356923 17358720
17365823 17367636
17374764 17376568
17383830 17385578
17392990 17394741
17402096 17403862
17411413 17413177
17420516 17422260
17429649 17431407
17438711 17440431
17447768 17449487
17457051 17458796
17466135 17467896
17475418 17477200
17484962 17486719
17494554 17496315
17504300 17506079
17514264 17516063
17524294 17526070
17534136 17535910
17544088 17545833
17554211 17555948
17564353 17566075
17574336 17576100
17584578 17586347
17594876 17596622
17605060 17606786
17615231 17616961
17625630 17627351
17635820 17637515
17646196 17647893
17656681 17658385
17666945 17668637
17677364 17679036
17687748 17689417
17698158 17699830
17708429 17710090
17718836 17720545
17729147 17730838
17739305 17740974
17749534 17751189
17759790 17761423
17769823 17771440
17779688 17781302
17789590 17791219
17799318 17800951
17809051 17810682
17818966 17820631
17829024 17830719
17839270 17840940
17849290 17850948
17859283 17860955
17869434 17871094
17879592 17881236
17889817 17891483
17899928 17901571
17910209 17911825
17920382 17922025
17930720 17932341
17940803 17942412
17950740 17952370
17960474 17962113
17970088 17971767
17979932 17981633
17989612 17991325
17999409 18001081
18009104 18010737
18018863 18020497
18028712 18030343
18038517 18040165
18048339 18049960
18058019 18059655
18067709 18069318
18077552 18079151
18087166 18088744
18096554 18098107
18105944 18107489
18115252 18116817
18124351 18125922
18133285 18134860
18142457 18144031
18151455 18153041
18160308 18161888
18169174 18170768
18178202 18179765
18187335 18188904
18196562 18198139
18205685 18207226
18214742 18216274
18223961 18225483
18232933 18234455
18241763 18243295
18250475 18252012
18259337 18260874
18267997 18269562
18276732 18278288
18285521 18287081
18294130 18295694
18302812 18304397
18311597 18313152
18320497 18322055
18329211 18330766
18337957 18339552
18346856 18348471
18355991 18357588
18365343 18366936
18374518 18376104
18383578 18385154
18392642 18394224
18401879 18403452
18410909 18412490
18419791 18421362
18428732 18430286
18437745 18439304
18446735 18448299
18455766 18457359
18464723 18466337
18473454 18475042
18482206 18483786
18491188 18492767
18500321 18501882
18509650 18511229
18519221 18520808
18528638 18530217
18537925 18539512
18547425 18549006
18556701 18558300
18565889 18567491
18575151 18576761
18584454 18586046
18593870 18595453
18603227 18604789
18612639 18614213
18622268 18623879
18631869 18633481
18641499 18643094
18651273 18652860
18661214 18662789
18671136 18672713
18680860 18682400
18690384 18691912
18700062 18701568
18709577 18711079
18719253 18720784
18728840 18730399
18738459 18740058
18748104 18749733
18757964 18759601
18767924 18769533
18777811 18779414
18787613 18789203
18797422 18798965
18807056 18808560
18816694 18818196
18826249 18827740
18835589 18837077
18844970 18846470
18854193 18855715
18863301 18864828
18872479 18873998
18881703 18883220
18890757 18892246
18899987 18901464
18909275 18910742
18918618 18920085
18928189 18929690
18937831 18939336
18947234 18948718
18956770 18958278
18966172 18967659
18975448 18976935
18984853 18986339
18994237 18995741
19003786 19005277
19013424 19014914
19023171 19024670
19033142 19034640
19043306 19044808
19053620 19055144
19063779 19065285
19074164 19075666
19084334 19085852
19094706 19096221
19105132 19106667
19115626 19117178
19126160 19127695
19136636 19138140
19146842 19148347
19156921 19158398
19166978 19168435
19177042 19178523
19187110 19188598
19197257 19198770
19207261 19208770
19217046 19218581
19226638 19228162
19236463 19237992
19246459 19247926
19256464 19257925
19266338 19267781
19276154 19277611
19286119 19287603
19296277 19297780
19306672 19308181
19317290 19318790
19327979 19329481
19338640 19340136
19349299 19350786
19359771 19361307
19370405 19371971
19381105 19382677
19391652 19393187
19401992 19403522
19412209 19413720
19422481 19423994
19432596 19434117
19442541 19444060
19452553 19454080
19462549 19464081
19472438 19473959
19482126 19483639
19491671 19493222
19501059 19502615
19510366 19511929
19519489 19521022
19528399 19529901
19537233 19538708
19546240 19547712
19555005 19556454
19563836 19565257
19572797 19574211
19581891 19583270
19591041 19592379
19600166 19601497
19609298 19610658
19618265 19619617
19627424 19628780
19636817 19638196
19646406 19647815
19655898 19657294
19665391 19666824
19675072 19676485
19684539 19685924
19693996 19695429
19703591 19705054
19712976 19714413
19722307 19723727
19731612 19733028
19740749 19742176
19749804 19751237
19758764 19760192
19767554 19768956
19776323 19777729
19785167 19786569
19793903 19795299
19802785 19804187
19811747 19813169
19820865 19822253
19829954 19831364
19839270 19840688
19848620 19850061
19857806 19859230
19866937 19868354
19876019 19877457
19885046 19886513
19893861 19895348
19902477 19903965
19911269 19912750
19919812 19921308
19928363 19929878
19936735 19938256
19945019 19946527
19953477 19954975
19962021 19963506
19970504 19972003
19978942 19980461
19987531 19989014
19995862 19997313
20003997 20005429
20012289 20013713
20020761 20022211
20029238 20030668
20037496 20038947
20045640 20047091
20053621 20055062
20061712 20063153
20069611 20071053
20077436 20078920
20085300 20086786
20093411 20094923
20101388 20102900
20109339 20110811
20117374 20118792
20125588 20127017
20133613 20135006
20141629 20143008
20149489 20150833
20157469 20158780
20165487 20166847
20173594 20175001
20181878 20183292
20190219 20191630
20198325 20199756
20206315 20207746
20214154 20215518
20221696 20223051
20229241 20230602
20236770 20238129
20244325 20245674
20251918 20253244
20259657 20261007
20267486 20268839
20275179 20276552
20283027 20284416
20291097 20292476
20299042 20300451
20307018 20308424
20314907 20316325
20322715 20324138
20330605 20332046
20338349 20339807
20346357 20347808
20354517 20355946
20362585 20364038
20370780 20372232
20379163 20380630
20387624 20389118
20396271 20397762
20404921 20406459
20413833 20415380
20422772 20424298
20431824 20433363
20441101 20442651
20450440 20451973
20459991 20461523
20469482 20471025
20479168 20480726
20488654 20490211
20498277 20499812
20507805 20509339
20517505 20519022
20527020 20528526
20536607 20538092
20546085 20547563
20555749 20557227
20565582 20567048
20575375 20576877
20585234 20586773
20595036 20596547
20604931 20606429
20614572 20616091
20624123 20625628
20633634 20635152
20643092 20644595
20652577 20654065
20662155 20663653
20671730 20673229
20681279 20682807
20690985 20692526
20700854 20702400
20710626 20712180
20720567 20722108
20730384 20731926
20740412 20741974
20750427 20752000
20760410 20762007
20770426 20772021
20780582 20782135
20790889 20792446
20801347 20802927
20811819 20813355
20822412 20823942
20833190 20834705
20843813 20845319
20854554 20856067
20865381 20866909
20876180 20877684
20887195 20888675
20898019 20899540
20908784 20910280
20919330 20920803
20929915 20931398
20940575 20942089
20951189 20952705
20961934 20963443
20972672 20974158
20983446 20984927
20994032 20995561
21004796 21006345
21015644 21017185
21026409 21027962
21037217 21038727
21048045 21049539
21058978 21060455
21070099 21071600
21081479 21082967
21092832 21094331
21104021 21105490
21115072 21116549
21126229 21127722
21137295 21138779
21148471 21149963
21159619 21161116
21170687 21172173
21181734 21183196
21192938 21194422
21204149 21205695
21215654 21217227
21227287 21228826
21238832 21240377
21250219 21251793
21261484 21263063
21272504 21274096
21283709 21285325
21294851 21296488
21306204 21307854
21317576 21319213
21329080 21330732
21340416 21342076
21351927 21353592
21363221 21364885
21374415 21376065
21385572 21387254
21396715 21398395
21407811 21409502
21418882 21420571
21429953 21431657
21440913 21442613
21451716 21453427
21462364 21464044
21472744 21474442
21483173 21484842
21493481 21495128
21503669 21505354
21514036 21515686
21524547 21526214
21534833 21536505
21544877 21546514
21554951 21556571
21565125 21566765
21575349 21576993
21585739 21587379
21595925 21597589
21606022 21607654
21616164 21617813
21626313 21627959
21636667 21638343
21646863 21648544
21657253 21658919
21667680 21669312
21678170 21679823
21688924 21690568
21699705 21701338
21710274 21711901
21720949 21722576
21731492 21733097
21742190 21743787
21752915 21754503
21763726 21765268
21774446 21775993
21784996 21786576
21795416 21796979
21805965 21807550
21816649 21818240
21827191 21828774
21837888 21839486
21848442 21850053
21859169 21860764
21869807 21871391
21880372 21881965
21890763 21892353
21901144 21902760
21911645 21913238
21922168 21923737
21932479 21934024
21942926 21944459
21953314 21954835
21963841 21965361
21974198 21975730
21984475 21985988
21994947 21996446
22005179 22006662
22015543 22017072
22025762 22027288
22035763 22037282
22045511 22047041
22055517 22057099
22065518 22067100
22075429 22077000
22085478 22087082
22095396 22097001
22105286 22106902
22115206 22116830
22124993 22126611
22134884 22136495
22144666 22146285
22154379 22156005
22164076 22165720
22173575 22175206
22183221 22184891
22192993 22194659
22202538 22204195
22212044 22213692
22221646 22223284
22231199 22232825
22240642 22242285
22249899 22251554
22258985 22260637
22267961 22269595
22276798 22278451
22285608 22287272
22294626 22296267
22303600 22305272
22312785 22314437
22322116 22323768
22331568 22333216
22340904 22342518
22349966 22351623
22359115 22360749
22368004 22369611
22376982 22378577
22385959 22387559
22395117 22396695
22404116 22405683
22413317 22414888
22422635 22424187
22431983 22433528
22441382 22442940
22450829 22452376
22460033 22461564
22469078 22470612
22478327 22479862
22487516 22489030
22496842 22498378
22506273 22507799
22515692 22517212
22524985 22526500
22534237 22535768
22543334 22544855
22552357 22553868
22561557 22563084
22570873 22572355
22580250 22581699
22589450 22590897
22598751 22600190
22608290 22609764
22617914 22619366
22627619 22629079
22637268 22638750
22647098 22648582
22656962 22658449
22666642 22668134
22676089 22677557
22685400 22686878
22694524 22695977
22703708 22705170
22712695 22714164
22721446 22722912
22730277 22731746
22739115 22740589
22747869 22749364
22756785 22758251
22765593 22767050
22774633 22776093
22783469 22784924
22792483 22793952
22801347 22802811
22810339 22811798
22819379 22820817
22828276 22829698
22836995 22838416
22845723 22847173
22854382 22855846
22862944 22864425
22871706 22873189
22880483 22881937
22889120 22890575
22897795 22899249
22906374 22907862
22914887 22916415
22923622 22925171
22932597 22934125
22941492 22943032
22950578 22952121
22959754 22961276
22969107 22970671
22978469 22980016
22987640 22989183
22996581 22998119
23005532 23007066
23014277 23015806
23023137 23024665
23032243 23033764
23041466 23042989
23050715 23052257
23059992 23061543
23069063 23070608
23078351 23079925
23087855 23089423
23097294 23098837
23106823 23108364
23116348 23117899
23125907 23127442
23135431 23136966
23144853 23146416
23154073 23155622
23163302 23164860
23172418 23173957
23181418 23182957
23190204 23191737
23198737 23200282
23207504 23209044
23216234 23217791
23224784 23226346
23233409 23234969
23241861 23243390
23250134 23251686
23258338 23259917
23266376 23267983
23274667 23276274
23282861 23284455
23290840 23292448
23298586 23300193
23306481 23308076
23314276 23315870
23321973 23323561
23329560 23331139
23336978 23338558
23344312 23345877
23351678 23353230
23359132 23360683
23366469 23367987
23373741 23375254
23381114 23382620
23388364 23389865
23395790 23397302
23403257 23404806
23410662 23412200
23418202 23419782
23425972 23427545
23433673 23435239
23441237 23442798
23448921 23450458
23456567 23458068
23464126 23465603
23471642 23473082
23479095 23480536
23486668 23488094
23494132 23495576
23501649 23503085
23508945 23510385
23516347 23517761
23523658 23525058
23530862 23532242
23538273 23539654
23545719 23547069
23552939 23554289
23560158 23561517
23567434 23568829
23574589 23575981
23581803 23583205
23588809 23590214
23595712 23597111
23602644 23604063
23609708 23611136
23616623 23618067
23623447 23624912
23630095 23631561
23636606 23638088
23643245 23644716
23649939 23651401
23656556 23658026
23663308 23664817
23670026 23671548
23676793 23678329
23683545 23685118
23690560 23692147
23697754 23699376
23705025 23706652
23712221 23713869
23719347 23721020
23726526 23728188
23733595 23735273
23740794 23742480
23748245 23749918
23755572 23757272
23762787 23764475
23770179 23771851
23777513 23779160
23784694 23786339
23791853 23793503
23798961 23800591
23806202 23807828
23813312 23814957
23820311 23821952
23827163 23828782
23833893 23835505
23840375 23841991
23846713 23848350
23852927 23854539
23859341 23860958
23865577 23867202
23871697 23873324
23877678 23879318
23883723 23885368
23889941 23891615
23896314 23897998
23902932 23904631
23909785 23911495
23916547 23918315
23923248 23925025
23930165 23931936
23937146 23938869
23943856 23945588
23950373 23952129
23956887 23958623
23963613 23965340
23970157 23971847
23976755 23978439
23983418 23985083
23990187 23991867
23996822 23998544
24003719 24005444
24010434 24012162
24017202 24018962
24023926 24025643
24030600 24032312
24037303 24039000
24043755 24045505
24050197 24051918
24056829 24058535
24063488 24065171
24070133 24071803
24076987 24078653
24083641 24085317
24090079 24091758
24096753 24098401
24103317 24104977
24109845 24111529
24116527 24118221
24123082 24124771
24129875 24131599
24136472 24138160
24142956 24144637
24149320 24150984
24155648 24157293
24162032 24163670
24168397 24170039
24175000 24176638
24181756 24183386
24188714 24190352
24195586 24197203
24202479 24204085
24209377 24211002
24216087 24217705
24222671 24224267
24229307 24230886
24235942 24237530
24242687 24244237
24249211 24250765
24255980 24257541
24262745 24264305
24269744 24271301
24276983 24278578
24284407 24286008
24291666 24293294
24299133 24300791
24306849 24308485
24314566 24316182
24322099 24323671
24329773 24331349
24337635 24339222
24345294 24346881
24353039 24354630
24360698 24362292
24368564 24370179
24376460 24378069
24384240 24385841
24391777 24393414
24399503 24401139
24407271 24408932
24415125 24416759
24423155 24424793
24431312 24432932
24439230 24440849
24447093 24448707
24455053 24456660
24462802 24464398
24470647 24472268
24478557 24480198
24486554 24488198
24494394 24496062
24502200 24503834
24510033 24511671
24517872 24519502
24525692 24527346
24533657 24535327
24541783 24543430
24549970 24551643
24558170 24559827
24566422 24568073
24574861 24576500
24583387 24585054
24591968 24593636
24600765 24602439
24609418 24611109
24617980 24619637
24626397 24628055
24634646 24636303
24643118 24644777
24651393 24653040
24659407 24661068
24667309 24668991
24675159 24676870
24683015 24684725
24690697 24692356
24698270 24699903
24705973 24707621
24713639 24715297
24721120 24722774
24728641 24730260
24736135 24737751
24743761 24745379
24751505 24753112
24759142 24760701
24766813 24768351
24774558 24776119
24782243 24783823
24789736 24791303
24797438 24798994
24805016 24806589
24812619 24814177
24820226 24821795
24828013 24829608
24835874 24837466
24843729 24845302
24851468 24853023
24859141 24860665
24866573 24868106
24873860 24875379
24881289 24882789
24888766 24890258
24896373 24897861
24904090 24905550
24911613 24913051
24918926 24920383
24926420 24927845
24933925 24935377
24941268 24942715
24948619 24950102
24956025 24957515
24963482 24964992
24970881 24972389
24978142 24979636
24985427 24986898
24992819 24994261
25000208 25001669
25007696 25009178
25015017 25016498
25022505 25023986
25029745 25031220
25036973 25038467
25044396 25045900
25051758 25053262
25059238 25060759
25066860 25068413
25074684 25076259
25082333 25083925
25090104 25091681
25098098 25099701
25106283 25107879
25114454 25116037
25122473 25124039
25130451 25132029
25138370 25139952
25146116 25147694
25153702 25155243
25161375 25162910
25168918 25170473
25176632 25178164
25184294 25185831
25192141 25193668
25200042 25201556
25207845 25209376
25215680 25217222
25223295 25224846
25230869 25232421
25238580 25240102
25246412 25247950
25254438 25255992
25262365 25263908
25270320 25271851
25278014 25279569
25285498 25287050
25293183 25294766
25300803 25302394
25308365 25309949
25315950 25317560
25323518 25325121
25331066 25332680
25338697 25340301
25346069 25347692
25353577 25355223
25360980 25362645
25368276 25369966
25375662 25377373
25383216 25384936
25390846 25392559
25398575 25400297
25406470 25408205
25414503 25416230
25422352 25424067
25430243 25431943
25438095 25439807
25445854 25447560
25453555 25455262
25461122 25462853
25468776 25470553
25476424 25478217
25484208 25485982
25491954 25493735
25499848 25501641
25507772 25509557
25515614 25517356
25523580 25525308
25531472 25533248
25539403 25541177
25547416 25549244
25555638 25557457
25563731 25565540
25571951 25573736
25580338 25582123
25588772 25590530
25596968 25598738
25605068 25606885
25613124 25614918
25621296 25623110
25629326 25631138
25637282 25639056
25645193 25646996
25653095 25654856
25661101 25662865
25669231 25671012
25677310 25679096
25685556 25687343
25693826 25695589
25702086 25703859
25710480 25712260
25718805 25720594
25727182 25728981
25735348 25737175
25743334 25745197
25751144 25753017
25759071 25760931
25767107 25768973
25775286 25777134
25783581 25785390
25791595 25793412
25799765 25801543
25808036 25809821
25816176 25817964
25824466 25826265
25832814 25834588
25840896 25842655
25848801 25850565
25856533 25858307
25864278 25866075
25872210 25874001
25880286 25882066
25888178 25889971
25896064 25897847
25903879 25905671
25911471 25913283
25919050 25920829
25926843 25928610
25934390 25936150
25941754 25943517
25949259 25951035
25956971 25958765
25964556 25966354
25972207 25974016
25980038 25981852
25988035 25989810
25995969 25997780
26004134 26005907
26012208 26013993
26020429 26022218
26028625 26030419
26036686 26038461
26044963 26046735
26053486 26055270
26062142 26063884
26070911 26072648
26079850 26081611
26088633 26090397
26097399 26099157
26106110 26107890
26114899 26116673
26123751 26125529
26132364 26134143
26141117 26142899
26149772 26151558
26158611 26160436
26167649 26169482
26176895 26178742
26186298 26188146
26195817 26197660
26205097 26206939
26214129 26215954
26223294 26225132
26232521 26234377
26241959 26243788
26251364 26253212
26260722 26262558
26269959 26271821
26279171 26281014
26288582 26290383
26298045 26299798
26307381 26309121
26316637 26318359
26326000 26327709
26335453 26337172
26344971 26346722
26354642 26356399
26364099 26365824
26373770 26375494
26383275 26384998
26392555 26394260
26401636 26403329
26410798 26412484
26419962 26421647
26429336 26431041
