408 431
862 863
1444 1447
2117 2119
2555 2556
3217 3218
3874 3875
4362 4364
4977 4978
5470 5473
5813 5817
6182 6183
6336 6338
6429 6433
6575 6576
6582 6583
6606 6608
6781 6785
7143 7144
7509 7513
7837 7841
8365 8370
8932 8933
9696 9699
10226 10227
10654 10655
10917 10919
11152 11153
11576 11578
11765 11766
12069 12070
12357 12360
12547 12548
12633 12647
12739 12746
12781 12790
12868 12872
12899 12903
12927 12939
13032 13063
13391 13430
13685 13699
13791 13794
13952 13961
14042 14046
14299 14313
14372 14375
14636 14637
14918 14919
15074 15075
15430 15433
15830 15831
16364 16366
17114 17116
17771 17773
18255 18256
18675 18678
19010 19017
19279 19295
19398 19417
19440 19450
19597 19599
19799 19800
20101 20102
20347 20348
20453 20454
20514 20517
20565 20567
20712 20713
20758 20759
20873 20874
20927 20928
21044 21045
21144 21157
21179 21185
21239 21240
21347 21348
21640 21643
21688 21694
21946 21947
22208 22211
22289 22290
22341 22344
22398 22401
22581 22583
22821 22831
23304 23311
23763 23771
23976 23977
24062 24065
24171 24173
24197 24199
24257 24259
24265 24267
24327 24336
24382 24384
24561 24564
24960 24961
25141 25143
25232 25233
25276 25279
25386 25387
25679 25680
25755 25758
25968 25972
26213 26222
26568 26585
26955 26965
27122 27127
27173 27178
27395 27396
27699 27700
27930 27931
27948 27949
27950 27953
28131 28134
28180 28181
28253 28255
28419 28420
28770 28771
28879 28889
28974 28975
29110 29111
29150 29153
29191 29195
29255 29262
29353 29368
29440 29482
29767 29861
30349 30557
31132 31204
31685 31705
32022 32025
32254 32255
32548 32550
32981 32982
33263 33264
33326 33329
33450 33457
33577 33588
33773 33782
33947 33955
34330 34332
34758 34762
34993 34995
35311 35315
35665 35679
36076 36082
36704 36712
37134 37161
37790 37798
38302 38304
38904 38907
39655 39657
40630 40640
41541 41554
42597 42602
43462 43481
44284 44303
45167 45176
45838 45843
46675 46682
47740 47750
49040 49044
50201 50207
51263 51270
52254 52260
53265 53267
54381 54382
55592 55598
56572 56580
57560 57563
58501 58509
59251 59257
60145 60148
60934 60940
61939 61950
62914 62920
64096 64106
65283 65284
66564 66568
67620 67625
68539 68542
69238 69240
69940 69942
70517 70518
71127 71130
71834 71836
72486 72487
73204 73205
73985 73987
75003 75015
75913 75919
76606 76607
77330 77331
78001 78002
78447 78449
78692 78696
79123 79163
79497 79540
80018 80023
80337 80343
80438 80442
80470 80478
80528 80531
80828 80835
81261 81265
81817 81822
82481 82486
82956 82958
83385 83389
83793 83798
83987 84000
84195 84233
84426 84457
84472 84474
84541 84548
84600 84610
84785 84799
85141 85171
85545 85587
86209 86297
87006 87121
87773 87977
88564 88811
89234 89322
89554 89599
89705 89805
89817 89907
90050 90069
90126 90132
90183 90184
90448 90457
90824 90825
91360 91362
91817 91821
92136 92137
92384 92386
92629 92633
92963 92967
93477 93494
94198 94204
95084 95088
96163 96168
97005 97009
97811 97815
98817 98818
99926 99927
101062 101063
102298 102300
103402 103405
104518 104520
105785 105787
107097 107099
108541 108547
109954 109955
111461 111462
113088 113090
114609 114611
115945 115947
117459 117462
119132 119133
120631 120633
122159 122162
123567 123571
124797 124800
125803 125806
126662 126675
127373 127379
128144 128145
128941 128942
129718 129720
130340 130343
130846 130849
131246 131252
131850 131852
132334 132336
132738 132739
133307 133312
133971 133973
134555 134556
135026 135027
135642 135644
136038 136039
136302 136304
136375 136378
136547 136548
136614 136615
136641 136643
136654 136655
136756 136757
136838 136845
136960 136992
137051 137087
137289 137320
137673 137677
138004 138028
138551 138552
139107 139115
139882 139885
140722 140727
141515 141519
142138 142142
142744 142746
143331 143335
143815 143825
144298 144306
144887 144890
145315 145318
145517 145524
145921 145949
146419 146445
146674 146682
147074 147085
147421 147422
147543 147544
147579 147582
147728 147729
147823 147824
148088 148090
148131 148132
148198 148199
148449 148450
148469 148471
148683 148684
148966 148970
149347 149348
149583 149584
149790 149791
150077 150078
150266 150269
150613 150614
151118 151121
151802 151806
152632 152635
153238 153243
153997 154001
154551 154558
154981 154982
155218 155219
155490 155491
155608 155609
155734 155737
155817 155829
155906 155908
155964 155971
156248 156250
156413 156414
156439 156442
156490 156492
156785 156786
156991 156993
157285 157290
157505 157507
157511 157514
157660 157663
158044 158045
158466 158467
158845 158847
159028 159034
159053 159057
159167 159171
159473 159476
159936 159939
160618 160619
161485 161486
162164 162165
162984 162985
163956 163957
165146 165149
166456 166460
167886 167896
169413 169414
170879 170881
172168 172173
173398 173404
174539 174541
175707 175709
176932 176933
177985 177986
179209 179210
180444 180449
181555 181558
182483 182484
183588 183590
184635 184639
185683 185707
186922 186955
188161 188173
189277 189301
190612 190634
191785 191786
193107 193110
194279 194283
195691 195709
196999 197001
198511 198512
200111 200112
201808 201809
203674 203676
205457 205460
207268 207283
209256 209263
211423 211443
213841 213876
216204 216221
218307 218345
220479 220483
222558 222561
224407 224411
226357 226363
228168 228176
230163 230168
232089 232093
234121 234131
235951 235953
237621 237630
239203 239205
240726 240736
242504 242507
244515 244519
246322 246325
247930 247936
249391 249392
250959 250962
252647 252649
254342 254346
256241 256244
257939 257944
259562 259571
260966 260983
262430 262446
263655 263657
264658 264660
265549 265555
266627 266636
267554 267555
268622 268623
269545 269547
270370 270372
271226 271227
272006 272009
272808 272811
273818 273825
274904 274906
275760 275761
276521 276525
277271 277274
278171 278172
278933 278935
279705 279706
280700 280704
281535 281540
282277 282278
283105 283106
283812 283815
284416 284421
285047 285062
285686 285691
286066 286072
286275 286285
286551 286563
286915 286940
287385 287411
287682 287687
287768 287785
287898 287992
288188 288427
288464 288518
288596 288745
288914 289133
289179 289870
290062 290238
290550 290808
291201 291527
292131 292370
292909 293310
293917 293934
294786 294800
295805 295807
296656 296658
297484 297486
298467 298470
299559 299564
300852 300853
302078 302079
303436 303451
305013 305033
306782 306783
308355 308357
310159 310164
311758 311762
313174 313190
314550 314564
315902 315925
317379 317399
319067 319097
320782 320847
322374 322405
323924 323926
325661 325663
327510 327514
329114 329122
330797 330802
332460 332462
333934 333936
335563 335567
337419 337431
339244 339310
341097 341167
342990 343109
344717 344788
346175 346208
347662 347692
349146 349220
350647 350797
352425 352443
353988 354009
355511 355530
357194 357200
359069 359073
360732 360754
362415 362420
363887 363896
365121 365126
366377 366384
367683 367711
368887 368895
370007 370009
371116 371120
372099 372102
373245 373254
374312 374320
375430 375441
376594 376597
377710 377714
378875 378881
380202 380203
381295 381298
382569 382573
383726 383735
385063 385076
386584 386614
387904 387910
389168 389174
390190 390194
391217 391220
392406 392408
393834 393838
395261 395311
396823 396829
398444 398451
399987 400008
401423 401453
402664 402678
403949 403960
405147 405148
406516 406517
407646 407648
408864 408866
410300 410302
411985 411986
413808 413812
415404 415426
417143 417207
418948 418964
420523 420525
421865 421872
422978 423017
424229 424264
425456 425482
426461 426462
427289 427293
428013 428014
428746 428752
429673 429681
430554 430575
431566 431568
432630 432631
433481 433482
434408 434409
435279 435281
436265 436274
437022 437024
437791 437798
438508 438512
439467 439474
440568 440593
441537 441595
442309 442384
443062 443270
443849 443916
444430 444536
445295 445318
446112 446154
447150 447171
448406 448450
449719 449816
451226 451324
452920 453164
454779 455253
456797 458506
460157 460335
462114 462472
464144 464261
465721 465726
467046 467050
468276 468282
469291 469292
470072 470074
470691 470692
471201 471203
471941 471942
472856 472858
473533 473541
474374 474383
475214 475227
475955 475969
476668 476679
477440 477444
478302 478307
479237 479239
480237 480245
481125 481145
482253 482271
483425 483430
484448 484449
485530 485534
486418 486426
487269 487282
487919 487930
488663 488677
489502 489517
490404 490406
491257 491259
492350 492351
493390 493392
494370 494374
495548 495561
496797 496811
498293 498330
499819 499852
501426 501448
502875 502905
504252 504254
505671 505673
507056 507058
508255 508256
509599 509602
511131 511132
512890 512892
514551 514554
515982 515987
517190 517205
518177 518178
518981 518986
519876 519878
520811 520812
521656 521659
522264 522270
522897 522899
523762 523763
524529 524530
525387 525388
526137 526141
526766 526769
527347 527348
527779 527781
527974 527977
528103 528111
528258 528284
528351 528356
528517 528520
528759 528761
528911 528912
529172 529175
529304 529309
529415 529417
529494 529498
529549 529558
529559 529587
529708 529723
529774 529776
529882 529883
530012 530013
530169 530170
530228 530231
530377 530378
530457 530459
530620 530621
530988 530990
531407 531409
531944 531947
532720 532729
533538 533539
534394 534396
535457 535461
536709 536716
537812 537817
538758 538760
539504 539505
540447 540448
541225 541230
542024 542028
542622 542628
543115 543116
543450 543452
543888 543889
544321 544322
544740 544741
545297 545299
546005 546007
546843 546845
547654 547655
548683 548684
549879 549880
550911 550912
551998 551999
552914 552915
553767 553771
554472 554476
555080 555082
555694 555703
556507 556521
557187 557191
557998 557999
558755 558756
559625 559626
560666 560668
561821 561824
562909 562914
564146 564169
565221 565231
566320 566326
567488 567495
568860 568876
570442 570449
571804 571811
573326 573334
574872 574895
576537 576541
578242 578243
580190 580191
582368 582373
584673 584676
587094 587095
589425 589426
591797 591798
594228 594230
596643 596647
598877 598884
601275 601276
603617 603618
605960 605963
608486 608490
611061 611062
613630 613631
615993 615996
618509 618515
621046 621047
623591 623594
626370 626373
629346 629347
632484 632486
635496 635498
638264 638266
640810 640812
643297 643298
646006 646007
648887 648889
651932 651935
654904 654906
657646 657648
660257 660258
662801 662802
665567 665572
668547 668551
671329 671332
674015 674022
676864 676871
679830 679831
682798 682800
685794 685804
688853 688857
691977 692001
694992 695054
697968 698219
701190 701336
704253 704277
707164 707172
710039 710065
712813 712830
715777 715821
718810 718842
721720 721732
724395 724404
726866 726896
729512 729520
732101 732129
734817 734819
737467 737470
740304 740306
742921 742923
745639 745647
748527 748585
751488 751656
754567 754575
757647 757662
760589 760603
763697 763705
766796 766797
770128 770134
773699 773704
777171 777173
780570 780574
784193 784204
787593 787639
790863 790952
794126 794285
797275 797589
800335 800708
803678 804444
807389 807875
810767 811577
814411 814571
817268 817349
820180 820265
823073 823084
825872 825873
828470 828476
830941 830942
833285 833286
835734 835739
838425 838426
841212 841219
843838 843846
846309 846310
848874 848881
851223 851229
853386 853388
855718 855720
858300 858307
860759 860762
863265 863271
865929 865932
868794 868795
871867 871871
874968 874969
878306 878307
881792 881793
885333 885334
889022 889028
892652 892654
896104 896106
899646 899648
903134 903138
906497 906499
909721 909725
913174 913187
916548 916577
920084 920139
923790 923812
927455 927532
931358 931506
935265 935782
939499 939513
943458 943490
947563 947611
951607 951679
955548 955572
959612 959630
963536 963546
967452 967455
971180 971181
974790 974792
978204 978209
981545 981546
985086 985087
988600 988606
992119 992144
995868 995889
999548 999550
1003049 1003050
1006541 1006547
1010101 1010104
1013739 1013742
1017485 1017486
1021286 1021290
1025293 1025295
1029184 1029186
1033053 1033055
1037162 1037163
1041095 1041097
1044907 1044908
1048504 1048506
1052284 1052290
1056271 1056279
1060117 1060118
1064142 1064145
1068170 1068171
1072312 1072318
1076230 1076243
1079941 1079954
1083663 1083664
1087377 1087384
1091320 1091327
1095235 1095244
1098981 1099005
1102756 1102777
1106370 1106394
1110219 1110230
1113925 1113930
1117868 1117874
1121839 1121842
1125964 1125967
1130288 1130292
1134614 1134620
1138808 1138816
1142783 1142786
1146538 1146539
1150114 1150115
1153782 1153784
1157435 1157438
1160919 1160921
1164528 1164533
1167989 1167991
1171529 1171534
1175302 1175303
1179264 1179265
1183323 1183324
1187175 1187176
1190922 1190923
1194520 1194523
1197890 1197895
1201503 1201504
1205241 1205244
1208869 1208870
1212469 1212470
1216266 1216267
1220195 1220196
1224221 1224228
1228249 1228250
1232204 1232207
1236363 1236371
1240539 1240560
1244955 1244979
1249338 1249349
1253928 1253929
1258704 1258707
1263355 1263356
1267904 1267906
1272512 1272514
1276956 1276959
1281213 1281215
1285536 1285537
1289695 1289697
1294043 1294044
1298277 1298279
1302673 1302678
1307136 1307138
1311440 1311441
1315855 1315856
1320151 1320153
1324463 1324464
1328638 1328640
1333055 1333058
1337312 1337317
1341335 1341342
1345452 1345470
1349750 1349829
1354244 1354278
1358776 1358791
1363450 1363466
1368351 1368359
1373426 1373437
1378293 1378306
1383218 1383226
1388348 1388349
1393401 1393406
1398483 1398486
1403780 1403782
1409016 1409020
1414335 1414336
1419434 1419437
1424604 1424605
1429699 1429701
1434585 1434586
1439709 1439711
1444955 1444957
1449984 1449986
1454865 1454866
1459539 1459540
1463964 1463967
1468268 1468270
1472421 1472425
1476507 1476508
1480684 1480690
1484772 1484785
1488865 1488874
1492845 1492868
1496796 1496800
1500827 1500830
1504612 1504613
1508379 1508380
1512149 1512153
1515951 1515953
1519774 1519776
1523619 1523622
1527340 1527343
1531214 1531217
1534956 1534959
1538708 1538712
1542687 1542692
1546784 1546796
1550961 1551013
1555361 1555402
1559976 1560056
1564414 1564441
1568564 1568574
1572890 1572900
1577412 1577414
1581847 1581850
1586217 1586218
1590513 1590517
1595011 1595013
1599714 1599718
1604485 1604486
1609503 1609505
1614744 1614745
1620099 1620100
1625418 1625425
1630775 1630776
1636357 1636359
1642117 1642122
1648128 1648137
1654203 1654204
1660123 1660130
1666025 1666030
1671856 1671867
1677551 1677608
1683127 1683210
1688824 1688890
1694469 1694529
1700085 1700203
1705939 1706055
1711865 1711910
1717592 1717626
1723229 1723233
1728918 1728924
1734747 1734766
1740792 1740802
1746996 1747025
1753288 1753318
1759746 1759748
1766409 1766410
1772982 1772987
1779594 1779596
1785981 1785983
1792195 1792196
1798204 1798208
1804166 1804169
1810056 1810059
1816116 1816118
1821926 1821928
1827579 1827580
1833053 1833055
1838419 1838420
1843712 1843714
1849007 1849017
1854073 1854074
1858940 1858942
1863885 1863892
1868831 1868840
1873652 1873655
1878550 1878553
1883413 1883416
1888499 1888502
1893483 1893485
1898659 1898663
1903616 1903617
1908391 1908392
1913192 1913193
1917765 1917766
1922387 1922393
1926818 1926819
1931180 1931184
1935764 1935766
1940369 1940370
1945210 1945211
1949937 1949940
1954862 1954868
1959702 1959704
1964723 1964725
1969760 1969761
1974864 1974868
1979977 1979979
1984839 1984840
1989788 1989789
1994945 1994946
1999859 1999862
2004662 2004663
2009528 2009529
2014416 2014418
2019336 2019338
2024176 2024178
2028896 2028897
2033680 2033684
2038482 2038486
2043379 2043386
2048408 2048410
2053403 2053407
2058578 2058593
2063852 2063857
2069026 2069028
2074152 2074158
2079074 2079100
2084170 2084196
2089112 2089143
2094126 2094157
2099264 2099379
2104511 2104558
2109593 2109674
2114786 2114919
2120071 2120526
2125487 2126871
2131941 2132956
2138049 2138379
2143674 2144028
2149472 2149977
2155223 2155243
2160424 2160434
2165542 2165545
2170657 2170662
2175602 2175606
2180407 2180408
2185006 2185012
2189562 2189563
2193908 2193909
2198279 2198284
2202752 2202759
2207240 2207246
2211962 2211963
2216636 2216638
2221392 2221394
2226093 2226096
2231038 2231041
2236072 2236095
2241102 2241126
2246216 2246229
2251530 2251541
2256798 2256811
2262008 2262011
2267290 2267316
2272416 2272499
2277642 2277650
2282622 2282623
2287740 2287745
2292902 2292907
2298101 2298106
2303228 2303256
2308560 2308569
2313632 2313638
2318789 2318793
2324025 2324026
2329101 2329102
2334270 2334271
2339332 2339334
2344218 2344219
2349295 2349296
2354142 2354148
2358963 2358973
2363839 2363869
2368546 2368549
2373371 2373376
2378324 2378334
2383207 2383231
2388098 2388144
2392770 2392830
2397318 2397422
2402105 2402169
2407094 2407144
2412184 2412236
2417184 2417291
2422201 2422232
2427212 2427235
2432207 2432221
2437395 2437405
2442371 2442386
2447573 2447586
2452614 2452616
2457599 2457604
2462552 2462593
2467509 2467521
2472443 2472472
2477511 2477515
2482620 2482621
2487521 2487523
2492289 2492291
2496866 2496874
2501640 2501651
2506607 2506609
2511321 2511322
2516093 2516094
2521032 2521033
2525929 2525937
2530758 2530765
2535816 2535827
2540969 2540974
2546357 2546363
2551596 2551597
2556824 2556831
2562061 2562068
2567256 2567259
2572609 2572617
2577962 2577963
2583410 2583411
2589063 2589064
2594611 2594615
2600187 2600189
2605977 2605979
2611864 2611866
2617900 2617901
2623706 2623707
2629329 2629331
2635059 2635066
2640832 2640838
2646526 2646564
2652275 2652288
2657954 2657964
2663625 2663629
2669347 2669350
2675105 2675107
2680843 2680846
2686728 2686732
2692387 2692391
2697887 2697889
2703165 2703169
2708448 2708453
2713557 2713569
2718680 2718699
2723947 2723950
2729068 2729069
2734345 2734347
2739464 2739465
2744684 2744686
2750057 2750058
2755435 2755437
2761014 2761022
2766826 2766833
2772597 2772605
2778121 2778133
2783407 2783453
2788869 2788881
2794473 2794474
2800196 2800198
2805850 2805851
2811307 2811308
2816703 2816706
2822030 2822036
2827204 2827214
2832353 2832359
2837597 2837627
2842970 2843056
2848169 2848247
2853153 2853223
2858117 2858125
2863144 2863147
2868220 2868221
2873361 2873364
2878344 2878349
2883520 2883523
2888509 2888512
2893364 2893366
2898397 2898400
2903362 2903364
2908279 2908283
2913058 2913059
2917919 2917924
2922908 2922910
2927873 2927876
2932906 2932908
2937868 2937871
2943051 2943053
2948064 2948066
2953293 2953294
2958708 2958710
2964238 2964240
2969728 2969729
2974999 2975000
2980438 2980439
2985938 2985939
2991442 2991444
2997088 2997100
3002931 3002934
3008883 3008888
3014960 3014961
3021140 3021142
3027119 3027123
3033116 3033117
3039140 3039143
3045014 3045018
3050901 3050915
3056910 3056940
3063165 3063166
3069171 3069172
3075405 3075408
3081689 3081690
3088151 3088158
3094431 3094441
3100700 3100701
3107159 3107162
3113537 3113538
3119694 3119695
3125821 3125823
3132148 3132150
3138345 3138347
3144548 3144550
3150807 3150809
3157143 3157152
3163436 3163439
3169853 3169856
3176169 3176170
3182591 3182593
3188769 3188771
3195008 3195009
3201182 3201184
3207109 3207112
3213068 3213072
3218988 3218990
3224912 3224916
3230878 3230888
3236814 3236815
3242979 3242980
3249342 3249347
3255571 3255575
3261935 3261958
3268472 3268551
3274876 3275013
3281168 3281232
3287408 3287410
3293382 3293383
3299207 3299208
3304782 3304789
3310354 3310361
3316142 3316143
3321839 3321840
3327596 3327598
3333110 3333113
3338452 3338459
3343869 3343870
3349354 3349356
3354653 3354658
3360111 3360114
3365364 3365373
3370716 3370728
3376218 3376223
3381681 3381682
3387216 3387217
3392506 3392509
3397685 3397696
3402953 3402964
3408467 3408468
3413870 3413873
3419296 3419297
3424686 3424687
3430199 3430200
3435901 3435906
3441480 3441482
3447117 3447119
3452899 3452900
3458470 3458473
3463814 3463816
3469371 3469376
3474789 3474808
3480223 3480262
3485809 3485816
3491432 3491437
3496919 3496926
3502422 3502425
3507898 3507902
3513471 3513474
3519277 3519281
3524846 3524847
3530376 3530377
3535983 3535987
3541696 3541697
3547445 3547446
3553016 3553017
3558713 3558716
3564369 3564375
3570186 3570191
3576162 3576165
3582194 3582195
3588063 3588064
3593951 3593952
3600043 3600044
3606073 3606074
3612274 3612275
3618456 3618458
3624487 3624488
3630756 3630757
3637229 3637233
3643569 3643570
3649690 3649691
3655654 3655656
3661687 3661688
3667477 3667479
3673099 3673100
3678929 3678931
3684965 3684968
3691152 3691158
3697482 3697485
3703956 3703958
3710288 3710292
3716770 3716774
3723007 3723012
3729188 3729190
3735374 3735377
3741353 3741354
3747159 3747160
3753047 3753051
3758946 3758950
3764969 3764984
3771052 3771080
3776927 3776991
3782790 3782872
3788529 3788554
3794014 3794036
3799647 3799666
3805294 3805304
3810877 3810878
3816549 3816550
3822315 3822316
3828264 3828265
3834416 3834421
3840396 3840398
3846325 3846335
3852063 3852067
3857577 3857579
3863090 3863103
3868708 3868745
3874338 3874346
3880062 3880068
3885902 3885908
3891825 3891845
3897648 3897657
3903608 3903621
3909682 3909683
3915785 3915788
3921801 3921803
3927765 3927767
3933505 3933507
3939013 3939014
3944659 3944669
3950387 3950392
3956052 3956072
3961910 3961914
3967979 3967986
3974074 3974087
3980273 3980275
3986599 3986608
3992839 3992845
3998879 3998893
4004863 4004865
4010681 4010683
4016327 4016332
4022083 4022088
4027828 4027838
4033388 4033390
4038909 4038912
4044659 4044668
4050176 4050195
4055724 4055742
4061029 4061044
4066231 4066234
4071380 4071381
4076413 4076414
4081314 4081315
4086067 4086070
4090605 4090608
4094984 4094985
4099528 4099530
4104229 4104230
4109082 4109086
4113897 4113904
4118894 4118932
4124094 4124120
4129125 4129140
4134249 4134250
4139504 4139505
4144994 4144999
4150622 4150626
4156051 4156058
4161664 4161665
4167412 4167414
4173276 4173277
4178944 4178945
4184657 4184659
4190340 4190347
4195787 4195797
4201299 4201334
4206855 4206947
4212296 4212359
4217755 4217802
4223122 4223129
4228427 4228428
4233518 4233519
4238559 4238560
4243487 4243488
4248494 4248496
4253423 4253424
4258333 4258336
4263101 4263106
4267843 4267850
4272691 4272701
4277481 4277483
4282306 4282307
4286895 4286896
4291234 4291235
4295571 4295575
4299836 4299839
4304196 4304202
4308522 4308528
4312889 4312894
4317017 4317020
4320896 4320930
4324761 4324782
4328668 4328675
4332448 4332458
4336232 4336242
4340099 4340122
4344014 4344028
4347719 4347732
4351528 4351532
4355186 4355187
4359067 4359069
4362902 4362907
4366513 4366514
4370256 4370257
4374185 4374192
4378213 4378219
4382461 4382464
4386885 4386893
4391111 4391118
4395533 4395540
4400032 4400033
4404333 4404334
4408753 4408755
4412948 4412952
4416917 4416922
4420641 4420649
4424217 4424223
4427885 4427887
4431404 4431407
4435128 4435135
4438883 4438885
4442532 4442537
4446426 4446428
4450511 4450512
4454669 4454670
4458813 4458814
4462817 4462820
4466978 4466979
4471342 4471346
4475872 4475886
4480191 4480200
4484288 4484290
4488223 4488224
4492002 4492004
4496001 4496003
4500127 4500130
4504097 4504099
4508268 4508269
4512214 4512219
4516042 4516062
4519925 4519940
4523670 4523682
4527199 4527202
4530820 4530825
4534601 4534607
4538300 4538302
4542144 4542145
4545786 4545787
4549483 4549485
4553255 4553256
4557211 4557213
4560969 4560971
4564855 4564857
4568594 4568598
4572554 4572557
4576267 4576271
4580157 4580168
4584137 4584140
4588253 4588254
4592447 4592448
4596884 4596886
4601329 4601335
4605864 4605866
4610479 4610481
4615324 4615325
4620135 4620140
4625160 4625164
4630207 4630208
4635236 4635237
4640161 4640162
4645261 4645262
4650554 4650557
4655648 4655656
4660717 4660727
4665867 4665869
4671031 4671032
4676397 4676400
4681934 4681938
4687459 4687461
4692906 4692908
4698418 4698419
4703791 4703793
4708939 4708940
4713859 4713862
4718755 4718759
4723584 4723585
4728627 4728630
4733607 4733610
4738836 4738837
4744057 4744058
4749443 4749444
4754796 4754797
4760243 4760244
4765823 4765825
4771449 4771450
4777001 4777002
4782771 4782780
4788378 4788399
4793982 4793984
4799417 4799418
4804767 4804769
4810299 4810303
4815634 4815635
4820774 4820775
4826068 4826071
4831537 4831539
4837130 4837131
4842861 4842862
4848582 4848583
4854445 4854447
4860464 4860466
4866549 4866552
4872452 4872453
4878460 4878461
4884390 4884396
4890208 4890209
4896134 4896135
4902232 4902237
4908566 4908570
4915122 4915130
4921728 4921729
4928419 4928420
4935010 4935011
4941573 4941580
4948301 4948305
4954955 4954958
4961844 4961854
4968610 4968617
4975246 4975248
4981652 4981653
4987847 4987850
4994048 4994052
5000350 5000352
5006599 5006608
5012731 5012745
5018930 5018952
5025289 5025414
5031886 5031983
5038508 5038510
5044977 5044980
5051681 5051689
5058585 5058591
5065444 5065450
5072323 5072325
5079061 5079064
5085668 5085672
5092172 5092181
5098536 5098538
5104800 5104805
5110921 5110926
5117033 5117044
5123144 5123149
5129496 5129498
5135701 5135702
5141749 5141751
5147563 5147569
5153280 5153282
5158826 5158827
5164312 5164316
5169682 5169690
5174891 5174896
5179869 5179874
5184738 5184740
5189424 5189426
5194171 5194176
5198691 5198699
5203244 5203251
5207744 5207745
5212407 5212408
5216877 5216878
5221556 5221560
5226207 5226215
5230904 5230909
5235380 5235381
5239825 5239827
5244148 5244151
5248555 5248566
5252853 5252858
5257165 5257178
5261695 5261699
5266117 5266119
5270758 5270771
5275646 5275670
5280469 5280503
5285550 5285584
5290465 5290471
5295522 5295530
5300508 5300513
5305364 5305365
5310126 5310128
5314928 5314929
5319790 5319791
5324443 5324444
5329088 5329092
5333732 5333743
5338470 5338481
5343086 5343098
5347747 5347750
5352448 5352456
5357147 5357156
5361920 5361930
5366552 5366554
5370961 5370964
5375211 5375217
5379497 5379498
5383973 5383980
5388647 5388649
5393470 5393477
5398473 5398487
5403401 5403428
5408474 5408551
5413418 5413469
5418368 5418483
5423421 5423587
5428490 5428522
5433415 5433452
5438484 5438517
5443664 5443676
5448967 5448979
5454347 5454354
5459534 5459535
5464472 5464473
5469446 5469449
5474427 5474429
5479287 5479288
5484095 5484097
5488972 5488975
5494049 5494051
5499265 5499272
5504690 5504693
5509974 5509993
5515194 5515296
5520662 5520685
5525861 5525873
5530885 5530886
5536005 5536009
5541197 5541198
5546369 5546371
5551617 5551618
5556658 5556660
5561608 5561609
5566543 5566548
5571414 5571423
5576391 5576395
5581397 5581400
5586448 5586452
5591372 5591377
5596320 5596322
5601303 5601304
5606347 5606348
5611580 5611583
5616635 5616655
5621590 5621620
5626491 5626501
5631123 5631126
5635918 5635919
5640519 5640522
5644928 5644929
5649234 5649235
5653618 5653620
5657890 5657891
5662350 5662354
5666983 5666985
5671625 5671627
5676357 5676358
5681294 5681300
5686101 5686112
5691085 5691108
5696085 5696088
5701212 5701216
5706317 5706319
5711392 5711394
5716683 5716685
5721968 5721970
5727271 5727273
5732797 5732798
5738410 5738415
5744066 5744080
5749734 5749738
5755504 5755511
5761297 5761305
5767006 5767017
5772679 5772699
5778505 5778514
5784432 5784435
5790382 5790383
5796315 5796321
5802135 5802142
5807800 5807810
5813553 5813571
5819563 5819573
5825749 5825767
5831804 5831805
5837620 5837622
5843280 5843282
5848698 5848702
5853913 5853917
5859092 5859093
5864240 5864242
5869465 5869467
5874642 5874643
5879600 5879601
5884699 5884703
5889641 5889647
5894458 5894459
5899306 5899307
5904322 5904330
5909474 5909475
5914590 5914591
5919736 5919741
5924846 5924849
5930055 5930057
5935406 5935409
5940796 5940799
5946326 5946327
5951914 5951915
5957647 5957649
5963418 5963426
5969108 5969118
5974706 5974710
5980244 5980254
5986004 5986033
5991959 5991993
5998117 5998137
6004029 6004034
6009920 6009928
6015691 6015697
6021492 6021494
6027058 6027059
6032783 6032784
6038648 6038651
6044560 6044563
6050656 6050658
6056798 6056803
6063051 6063054
6069213 6069214
6075156 6075157
6081084 6081088
6087237 6087239
6093189 6093192
6099215 6099220
6105270 6105271
6111251 6111254
6117466 6117467
6123776 6123777
6130246 6130248
6136966 6136981
6143668 6143671
6150125 6150137
6156458 6156462
6162615 6162619
6169005 6169011
6175216 6175241
6181345 6181368
6187617 6187677
6193884 6193952
6199915 6200032
6206055 6206471
6212722 6212963
6219435 6219476
6225784 6225836
6231897 6231979
6238129 6238342
6244637 6244941
6251208 6251623
6257953 6258163
6264493 6265300
6271767 6273951
6280193 6284677
6290930 6290945
6297283 6297294
6303388 6303389
6309417 6309418
6315513 6315516
6321478 6321483
6327232 6327236
6332984 6332996
6338642 6338674
6344091 6344106
6349737 6349749
6355256 6355258
6360930 6360931
6366714 6366716
6372650 6372651
6378797 6378805
6385142 6385160
6391662 6391694
6398332 6398333
6404770 6404771
6411112 6411114
6417239 6417247
6423160 6423193
6429148 6429276
6434992 6435128
6440763 6440870
6446472 6446685
6452496 6452590
6458541 6458547
6464634 6464639
6470707 6470727
6476716 6476738
6482609 6482626
6488670 6488686
6494637 6494638
6500711 6500712
6506890 6506893
6512941 6512966
6519003 6519039
6524981 6525002
6530913 6530961
6536851 6536946
6542903 6543046
6549140 6549368
6555618 6556246
6562445 6563331
6569536 6569938
6576263 6576295
6582482 6582484
6588459 6588461
6594676 6594678
6600807 6600808
6606893 6606895
6612889 6612892
6618996 6619006
6625316 6625329
6631760 6631761
6638295 6638296
6644748 6644749
6651196 6651198
6657853 6657854
6664640 6664642
6671535 6671536
6678510 6678511
6685376 6685377
6692379 6692380
6699258 6699260
6706380 6706382
6713624 6713625
6720894 6720897
6728180 6728186
6735519 6735535
6742917 6742962
6750096 6750123
6757316 6757390
6764433 6764515
6771716 6771747
6778721 6778750
6785761 6785775
6792799 6792855
6799678 6799710
6806484 6806681
6813301 6813486
6820211 6820345
6827252 6827454
6834572 6834644
6841964 6842093
6849199 6849389
6856594 6856909
6864035 6864051
6870980 6871007
6877766 6877799
6884330 6884335
6890809 6890810
6897135 6897138
6903313 6903320
6909252 6909256
6915263 6915273
6921282 6921288
6927301 6927302
6933270 6933271
6939056 6939057
6944724 6944731
6950435 6950441
6956101 6956104
6961801 6961805
6967457 6967458
6973236 6973237
6979147 6979148
6984831 6984832
6990755 6990760
6996774 6996775
7002664 7002666
7008635 7008636
7014411 7014412
7020375 7020378
7026422 7026435
7032300 7032303
7037953 7037954
7043423 7043424
7048883 7048887
7054372 7054378
7060111 7060115
7065659 7065678
7071151 7071158
7076744 7076745
7082230 7082233
7087952 7087963
7093807 7093808
7099543 7099544
7105351 7105353
7111275 7111276
7117224 7117225
7123175 7123176
7129177 7129180
7135284 7135290
7141247 7141254
7147078 7147079
7153061 7153063
7159153 7159159
7165231 7165237
7171412 7171413
7177538 7177540
7183522 7183533
7189608 7189614
7195534 7195539
7201352 7201356
7207199 7207202
7213101 7213102
7218973 7218974
7224846 7224849
7230674 7230684
7236266 7236270
7241769 7241773
7247025 7247026
7252132 7252134
7257261 7257262
7262146 7262147
7267278 7267279
7272253 7272257
7277451 7277454
7282742 7282745
7288123 7288125
7293624 7293628
7299147 7299153
7304542 7304553
7309970 7309978
7315589 7315594
7321144 7321149
7326475 7326480
7331884 7331889
7337437 7337440
7342897 7342898
7348166 7348169
7353470 7353477
7358637 7358639
7363864 7363865
7369089 7369091
7374285 7374288
7379348 7379354
7384291 7384297
7389059 7389069
7393645 7393658
7398199 7398211
7402859 7402861
7407365 7407366
7412006 7412007
7416458 7416459
7420978 7420979
7425738 7425744
7430731 7430740
7435569 7435583
7440186 7440197
7444748 7444772
7449564 7449568
7454601 7454602
7459493 7459498
7464610 7464612
7469564 7469568
7474619 7474620
7479791 7479792
7484743 7484744
7489639 7489642
7494716 7494725
7499749 7499784
7504977 7505076
7510198 7510209
7515424 7515446
7520602 7520633
7525871 7525875
7530919 7530925
7535912 7535915
7541119 7541120
7546303 7546307
7551674 7551678
7557004 7557006
7562257 7562264
7567688 7567695
7572905 7572909
7577919 7577922
7583122 7583123
7588220 7588225
7593107 7593109
7597847 7597848
7602740 7602741
7607453 7607454
7612414 7612416
7617349 7617350
7622295 7622296
7627210 7627211
7632231 7632232
7637262 7637264
7642341 7642342
7647234 7647235
7652344 7652345
7657622 7657624
7662792 7662794
7667914 7667916
7673161 7673165
7678463 7678464
7683900 7683906
7689591 7689593
7695354 7695357
7701288 7701291
7707296 7707298
7713239 7713244
7719077 7719078
7724866 7724867
7730462 7730468
7735900 7735905
7741301 7741317
7746661 7746683
7752078 7752080
7757345 7757352
7762436 7762461
7767741 7767761
7773196 7773197
7778575 7778577
7783747 7783749
7789122 7789129
7794593 7794594
7800005 7800006
7805382 7805385
7810992 7810993
7816478 7816482
7821736 7821761
7826921 7826932
7832315 7832320
7837586 7837587
7842782 7842783
7847821 7847824
7853000 7853002
7858111 7858113
7863096 7863108
7868279 7868281
7873336 7873337
7878392 7878396
7883294 7883296
7888089 7888095
7892930 7892933
7897832 7897833
7902870 7902873
7907708 7907722
7912660 7912670
7917629 7917640
7922663 7922699
7927825 7927834
7932950 7932954
7937955 7937957
7942970 7942971
7948125 7948126
7953230 7953236
7958153 7958154
7963296 7963298
7968269 7968274
7973137 7973156
7977933 7977938
7982604 7982607
7987494 7987496
7992389 7992392
7997278 7997279
8002105 8002106
8007127 8007128
8012157 8012158
8016994 8016996
8022066 8022070
8027378 8027382
8032925 8032932
8038721 8038747
8044375 8044384
8050072 8050088
8055921 8055944
8061693 8061703
8067565 8067566
8073431 8073432
8079383 8079384
8085438 8085440
8091516 8091517
8097351 8097352
8103218 8103220
8108927 8108928
8114565 8114566
8120318 8120320
8126230 8126231
8132206 8132207
8138305 8138306
8144488 8144490
8150884 8150886
8157435 8157439
8164025 8164027
8170506 8170508
8176803 8176809
8183303 8183307
8190009 8190011
8196742 8196743
8203613 8203617
8210423 8210424
8217038 8217039
8223552 8223553
8229968 8229969
8236388 8236392
8242845 8242847
8249334 8249335
8255588 8255589
8261681 8261682
8268012 8268013
8274552 8274553
8281302 8281303
8287983 8287988
8294851 8294853
8301584 8301585
8308081 8308084
8314474 8314477
8320947 8320950
8327273 8327289
8333591 8333597
8339668 8339677
8345722 8345731
8351729 8351749
8357550 8357564
8363483 8363564
8369652 8369776
8375710 8375829
8382012 8382081
8388308 8388353
8394787 8394797
8401426 8401427
8407811 8407812
8414102 8414103
8420606 8420608
8427203 8427208
8433973 8433978
8440612 8440616
8447409 8447425
8454320 8454330
8461422 8461427
8468641 8468642
8475994 8475995
8483145 8483147
8490200 8490203
8497035 8497039
8504076 8504081
8510970 8510971
8517771 8517772
8524443 8524444
8530996 8530997
8537517 8537518
8544140 8544143
8550780 8550782
8557610 8557613
8564302 8564303
8570861 8570868
8577503 8577507
8583926 8583944
8590343 8590374
8596673 8596681
8603080 8603089
8609526 8609541
8615783 8615791
8622038 8622039
8628129 8628133
8634333 8634334
8640389 8640392
8646350 8646353
8652307 8652312
8658276 8658283
8664267 8664289
8670374 8670396
8676403 8676430
8682622 8682784
8689082 8689149
8695348 8695355
8701785 8701791
8708203 8708207
8714848 8714851
8721664 8721668
8728288 8728312
8734765 8734843
8741172 8741224
8747322 8747400
8753422 8753445
8759385 8759437
8765199 8765246
8771235 8771251
8777256 8777257
8783058 8783061
8788743 8788757
8794572 8794588
8800333 8800340
8805898 8805910
8811251 8811264
8816821 8816840
8822516 8822523
8828221 8828228
8833919 8833920
8839784 8839785
8845510 8845511
8851403 8851405
8857179 8857180
8863153 8863154
8868907 8868909
8874511 8874514
8880286 8880287
8886144 8886151
8892136 8892140
8898093 8898095
8904130 8904132
8910136 8910142
8916149 8916153
8922214 8922216
8928244 8928246
8934284 8934286
8940365 8940366
8946453 8946456
8952767 8952768
8959298 8959299
8965997 8965998
8972802 8972805
8979523 8979528
8986133 8986134
8992573 8992575
8999126 8999128
9005820 9005823
9012597 9012600
9019425 9019428
9026085 9026087
9032711 9032712
9039372 9039374
9045903 9045905
9052291 9052295
9058443 9058445
9064652 9064654
9070768 9070770
9076643 9076644
9082645 9082651
9088403 9088414
9094293 9094298
9100395 9100407
9106552 9106553
9112880 9112881
9119325 9119327
9125631 9125632
9131936 9131937
9138217 9138220
9144309 9144310
9150527 9150530
9156858 9156860
9163288 9163290
9169506 9169509
9175945 9175947
9182534 9182538
9188994 9188998
9195413 9195416
9201750 9201752
9208047 9208052
9214413 9214420
9220577 9220578
9226676 9226677
9232796 9232798
9239118 9239119
9245616 9245618
9251995 9252002
9258324 9258325
9264695 9264700
9270943 9270948
9277182 9277183
9283330 9283332
9289534 9289535
9295566 9295567
9301546 9301548
9307585 9307586
9313462 9313463
9319106 9319109
9324619 9324620
9330375 9330377
9335886 9335888
9341489 9341492
9347237 9347247
9352753 9352763
9358466 9358480
9363934 9363985
9369457 9369461
9375182 9375183
9380659 9380661
9386110 9386114
9391472 9391482
9396843 9396845
9402225 9402227
9407577 9407581
9412782 9412783
9417786 9417789
9422702 9422703
9427479 9427480
9432062 9432063
9436716 9436717
9441139 9441142
9445770 9445773
9450642 9450656
9455522 9455531
9460332 9460333
9465375 9465377
9470568 9470579
9475806 9475821
9481071 9481088
9486558 9486575
9491890 9491912
9497415 9497432
9503023 9503028
9508728 9508739
9514221 9514222
9519569 9519575
9525013 9525026
9530265 9530290
9535607 9535644
9541094 9541105
9546593 9546599
9552104 9552126
9557672 9557688
9563215 9563227
9568765 9568767
9574111 9574115
9579313 9579314
9584505 9584509
9589780 9589787
9594820 9594839
9599801 9599816
9604646 9604654
9609332 9609342
9613843 9613852
9618105 9618119
9622456 9622463
9626690 9626710
9630924 9630986
9635268 9635311
9639553 9639585
9643643 9643646
9647531 9647534
9651402 9651408
9655508 9655520
9659607 9659622
9663834 9663837
9667997 9668007
9672036 9672074
9676026 9676028
9679826 9679830
9683710 9683714
9687611 9687615
9691507 9691510
9695429 9695439
9699550 9699576
9703460 9703464
9707335 9707336
9711169 9711174
9715114 9715119
9719171 9719177
9723180 9723183
9727007 9727009
9730984 9730987
9734770 9734772
9738756 9738757
9742977 9742978
9747319 9747320
9751827 9751828
9756507 9756508
9761200 9761201
9765744 9765745
9770296 9770302
9774757 9774770
9779213 9779254
9783523 9783525
9787605 9787607
9791638 9791640
9795787 9795788
9800112 9800113
9804405 9804408
9808695 9808697
9812836 9812838
9816973 9816979
9821337 9821339
9825672 9825674
9829922 9829925
9834326 9834328
9838710 9838712
9842965 9842966
9847067 9847072
9850958 9850973
9855032 9855037
9859298 9859309
9863640 9863651
9867999 9868009
9872321 9872323
9876776 9876778
9881186 9881189
9885722 9885735
9890459 9890488
9895320 9895351
9900091 9900103
9905082 9905088
9910208 9910232
9915284 9915299
9920230 9920245
9925094 9925106
9929985 9929991
9934815 9934823
9939413 9939433
9944175 9944189
9948718 9948729
9953238 9953239
9957627 9957628
9962221 9962222
9966876 9966877
9971611 9971612
9976384 9976385
9981096 9981097
9986002 9986005
9991009 9991010
9995867 9995868
10000789 10000791
10005718 10005719
10010688 10010691
10015690 10015694
10020912 10020923
10026217 10026235
10031768 10031769
10037432 10037433
10043296 10043299
10049065 10049067
10054670 10054675
10060086 10060090
10065631 10065632
10071284 10071285
10077051 10077054
10082652 10082653
10088164 10088167
10093438 10093440
10098747 10098749
10103854 10103856
10109199 10109200
10114373 10114378
10119727 10119749
10125151 10125174
10130760 10130778
10136609 10136610
10142355 10142362
10148290 10148294
10154237 10154239
10160314 10160316
10166401 10166403
10172527 10172529
10178744 10178751
10184821 10184825
10190881 10190884
10196746 10196749
10202761 10202762
10208625 10208627
10214713 10214726
10220750 10220757
10227027 10227030
10233358 10233363
10239894 10239929
10246508 10246535
10253155 10253213
10260059 10260175
10266935 10266996
10273765 10273769
10280310 10280314
10286664 10286673
10292814 10292820
10298993 10299011
10304973 10304980
10310921 10310924
10317031 10317037
10322991 10322997
10328748 10328754
10334753 10334756
10340782 10340783
10346700 10346706
10352866 10352873
10359255 10359260
10365644 10365649
10372142 10372163
10378646 10378692
10384950 10384971
10391159 10391186
10397148 10397220
10403011 10403032
10408926 10408929
10414621 10414633
10420156 10420158
10425801 10425804
10431564 10431567
10437432 10437433
10443522 10443523
10449378 10449382
10455469 10455476
10461397 10461399
10467492 10467498
10473572 10473573
10479579 10479580
10485793 10485794
10491976 10491978
10497990 10497991
10504042 10504044
10510041 10510042
10516118 10516119
10522240 10522241
10528162 10528165
10534232 10534237
10540079 10540090
10545717 10545721
10551428 10551430
10557034 10557041
10562813 10562814
10568566 10568575
10574399 10574426
10580268 10580283
10586046 10586049
10591634 10591641
10597098 10597118
10602446 10602521
10607686 10607741
10613130 10613165
10618304 10618460
10623560 10623607
10628771 10628772
10634002 10634004
10639267 10639273
10644532 10644533
10649771 10649773
10655130 10655132
10660522 10660525
10666005 10666006
10671306 10671313
10676476 10676479
10681790 10681791
10687275 10687276
10692935 10692936
10698629 10698630
10704491 10704493
10710387 10710388
10716178 10716180
10722140 10722144
10727901 10727910
10733795 10733815
10739756 10739770
10745694 10745699
10751742 10751743
10757817 10757818
10763684 10763691
10769536 10769550
10775190 10775195
10780865 10780867
10786326 10786332
10791991 10792003
10797786 10797809
10803448 10803459
10809217 10809231
10814915 10814929
10820545 10820553
10826167 10826187
10831597 10831601
10836994 10836995
10842275 10842277
10847308 10847310
10852410 10852412
10857687 10857688
10862865 10862868
10868061 10868062
10873009 10873010
10877914 10877916
10882619 10882627
10887156 10887176
10891602 10891606
10896237 10896239
10900631 10900634
10905022 10905029
10909354 10909405
10913569 10913615
10917789 10917810
10921997 10921999
10925945 10925951
10929743 10929747
10933776 10933784
10937965 10937970
10942293 10942295
10946630 10946632
10951156 10951157
10955881 10955884
10960483 10960487
10965110 10965112
10969678 10969683
10974079 10974083
10978341 10978344
10982602 10982610
10986730 10986754
10991009 10991018
10995082 10995090
10999101 10999110
11003341 11003358
11007692 11007721
11012032 11012044
11016576 11016582
11021252 11021258
11025800 11025821
11030577 11030580
11035455 11035461
11040444 11040452
11045471 11045477
11050551 11050569
11055459 11055487
11060346 11060358
11065324 11065335
11070447 11070456
11075463 11075540
11080667 11080708
11085809 11085868
11090948 11090949
11095872 11095875
11100839 11100844
11105689 11105693
11110502 11110507
11115384 11115387
11120314 11120316
11125139 11125146
11130101 11130121
11134948 11134958
11139668 11139675
11144573 11144575
11149565 11149574
11154642 11154643
11159643 11159644
11164826 11164827
11169867 11169869
11174745 11174746
11179853 11179855
11185153 11185154
11190527 11190528
11195878 11195879
11201407 11201408
11206882 11206885
11212284 11212286
11217796 11217798
11223458 11223475
11229159 11229189
11235114 11235130
11241079 11241097
11246840 11246850
11252594 11252605
11258423 11258432
11264474 11264479
11270338 11270339
11276306 11276307
11282490 11282491
11288914 11288915
11295490 11295496
11301847 11301873
11308109 11308112
11314408 11314414
11320818 11320832
11327317 11327325
11333869 11333887
11340664 11340668
11347295 11347306
11353737 11353742
11360308 11360319
11366709 11366714
11373129 11373134
11379395 11379396
11385745 11385748
11391884 11391887
11397814 11397815
11403724 11403725
11409840 11409842
11416095 11416099
11422177 11422181
11428361 11428363
11434754 11434762
11441015 11441042
11447146 11447162
11453443 11453449
11459792 11459803
11465957 11465973
11471940 11471941
11478007 11478008
11484056 11484058
11489955 11489956
11495937 11495938
11501771 11501774
11507697 11507701
11513700 11513705
11519856 11519859
11525785 11525787
11531696 11531697
11537419 11537423
11543285 11543286
11548903 11548904
11554384 11554386
11559702 11559705
11565167 11565170
11570393 11570397
11575774 11575781
11581176 11581216
11586780 11586851
11592486 11592570
11598131 11598170
11603572 11603631
11608911 11608941
11614205 11614279
11619620 11619635
11625158 11625159
11630639 11630640
11635871 11635875
11641209 11641210
11646663 11646664
11652123 11652124
11657413 11657414
11662724 11662725
11668130 11668131
11673443 11673445
11679006 11679007
11684618 11684624
11690133 11690138
11695664 11695674
11701199 11701201
11706921 11706923
11712438 11712445
11717738 11717739
11723098 11723099
11728303 11728304
11733360 11733361
11738182 11738187
11743180 11743185
11748319 11748320
11753658 11753660
11758819 11758820
11764043 11764046
11769188 11769189
11774430 11774434
11779802 11779804
11785374 11785376
11790870 11790872
11796330 11796331
11801895 11801897
11807506 11807514
11813198 11813210
11818976 11819021
11824917 11824976
11831014 11831087
11837096 11837097
11842921 11842922
11848894 11848896
11854631 11854635
11860301 11860303
11865729 11865730
11871090 11871091
11876406 11876407
11881823 11881824
11887450 11887457
11893168 11893170
11898674 11898676
11904282 11904283
11909818 11909821
11915485 11915487
11920944 11920945
11926212 11926214
11931635 11931642
11937077 11937090
11942676 11942702
11948080 11948092
11953239 11953295
11958307 11958311
11963382 11963393
11968287 11968293
11973127 11973145
11977798 11977814
11982667 11982675
11987410 11987411
11991899 11991901
11996488 11996490
12001221 12001224
12006092 12006094
12010889 12010896
12015816 12015830
12020672 12020676
12025396 12025400
12030268 12030276
12034997 12034998
12039618 12039619
12044247 12044248
12048983 12048985
12053707 12053711
12058598 12058610
12063439 12063480
12068460 12068517
12073261 12073469
12078210 12078497
12083375 12084282
12088928 12090921
12095546 12098909
12103308 12106015
12110636 12115875
12120378 12129651
12133929 12155511
12159540 12161443
12165514 12168065
12172122 12173021
12176906 12179719
12183498 12186453
12190356 12190746
12194643 12194787
12198793 12198798
12202668 12202671
12206394 12206396
12209882 12209891
12213416 12213420
12217185 12217204
12220981 12221004
12224987 12224996
12228839 12228858
12232523 12232607
12236387 12236481
12240447 12240501
12244262 12244490
12248339 12248464
12252440 12252508
12256428 12256449
12260338 12260378
12264221 12264256
12267915 12267919
12271474 12271475
12275259 12275260
12279057 12279062
12282976 12282977
12286799 12286802
12290509 12290511
12294010 12294011
12297714 12297715
12301286 12301287
12304958 12304963
12308442 12308463
12311794 12311826
12314909 12314930
12317766 12317795
12320590 12320602
12323414 12323419
12326258 12326260
12328889 12328890
12331473 12331475
12334070 12334075
12336658 12336661
12339109 12339110
12341439 12341446
12343845 12343852
12346478 12346481
12349149 12349150
12351830 12351831
12354487 12354488
12357280 12357281
12360006 12360011
12362856 12362870
12365577 12365602
12368333 12368357
12370853 12370860
12373476 12373485
12376340 12376348
12379075 12379097
12381947 12381950
12384884 12384885
12387678 12387680
12390610 12390611
12393351 12393356
12396293 12396299
12399072 12399073
12401667 12401668
12404505 12404506
12407297 12407298
12410195 12410198
12413000 12413006
12415920 12415922
12418738 12418739
12421599 12421601
12424440 12424441
12427481 12427484
12430618 12430620
12433656 12433657
12436470 12436472
12439266 12439268
12442109 12442110
12445161 12445166
12448354 12448355
12451757 12451759
12455099 12455101
12458690 12458692
12462369 12462373
12466079 12466105
12469794 12469865
12473657 12473667
12477293 12477297
12480797 12480800
12484293 12484299
12487849 12487858
12491442 12491443
12495074 12495075
12498854 12498857
12502503 12502504
12505939 12505942
12509477 12509478
12513004 12513005
12516303 12516304
12519564 12519569
12523051 12523054
12526699 12526705
12530375 12530382
12534233 12534238
12538108 12538118
12542029 12542076
12546110 12546158
12550421 12550474
12554853 12554920
12559163 12559201
12563253 12563263
12567430 12567431
12571368 12571374
12575532 12575541
12579586 12579625
12583517 12583624
12587369 12587387
12591325 12591350
12595268 12595314
12599285 12599313
12603070 12603086
12606972 12607020
12611059 12611065
12614973 12614974
12619117 12619125
12623057 12623083
12626863 12626903
12630785 12630787
12634873 12634877
12639194 12639199
12643629 12643630
12648244 12648247
12652713 12652719
12657144 12657146
12661793 12661795
12666381 12666382
12670746 12670748
12675036 12675037
12679433 12679434
12683720 12683721
12687984 12687985
12692313 12692314
12696713 12696715
12700971 12700975
12705079 12705080
12709154 12709156
12713171 12713175
12717126 12717128
12720886 12720888
12724499 12724502
12728188 12728190
12731951 12731959
12735926 12735929
12739866 12739876
12743756 12743769
12747631 12747644
12751426 12751459
12755021 12755044
12758402 12758429
12761710 12761722
12765119 12765128
12768722 12768726
12772297 12772308
12775901 12775905
12779400 12779403
12782676 12782677
12786098 12786099
12789293 12789294
12792698 12792699
12796162 12796165
12799551 12799552
12802999 12803001
12806543 12806544
12809971 12809972
12813559 12813561
12817277 12817278
12820847 12820852
12824257 12824265
12827571 12827589
12830920 12830921
12834040 12834042
12837345 12837352
12840592 12840609
12843858 12843860
12846982 12846985
12850080 12850084
12853263 12853264
12856276 12856277
12859245 12859246
12862086 12862091
12864970 12864994
12867968 12867988
12871195 12871212
12874227 12874245
12877191 12877242
12880019 12880078
12882947 12882999
12885847 12885858
12888870 12888875
12891710 12891725
12894481 12894485
12897342 12897348
12900165 12900173
12902852 12902853
12905513 12905515
12908195 12908196
12910879 12910881
12913763 12913766
12916673 12916674
12919731 12919732
12922620 12922623
12925286 12925299
12927895 12927896
12930644 12930653
12933239 12933245
12935758 12935773
12938314 12938356
12941136 12941147
12943847 12943856
12946534 12946543
12949184 12949195
12952048 12952055
12955001 12955013
12957741 12957742
12960256 12960258
12962670 12962673
12965243 12965260
12967895 12967896
12970460 12970464
12973059 12973071
12975557 12975558
12978107 12978112
12980749 12980769
12983382 12983401
12985936 12985957
12988707 12988743
12991598 12991607
12994385 12994386
12997311 12997312
13000103 13000104
13002695 13002700
13005090 13005111
13007513 13007529
13009806 13009807
13012256 13012257
13014930 13014931
13017597 13017602
13020124 13020131
13022779 13022780
13025200 13025208
13027623 13027641
13030002 13030106
13032302 13032313
13034654 13034657
13036913 13036915
13039140 13039141
13041499 13041501
13044094 13044096
13046820 13046821
13049602 13049605
13052335 13052338
13054992 13054996
13057507 13057515
13059963 13059985
13062647 13062679
13065428 13065487
13068044 13068163
13070608 13070626
13073140 13073145
13075656 13075664
13078032 13078035
13080634 13080641
13083154 13083161
13085704 13085716
13088109 13088162
13090745 13090767
13093172 13093184
13095467 13095468
13097693 13097694
13099910 13099912
13102124 13102127
13104507 13104510
13106974 13106977
13109555 13109559
13112166 13112170
13115006 13115009
13118075 13118082
13121349 13121352
13124474 13124481
13127482 13127486
13130595 13130600
13133865 13133880
13137174 13137189
13140519 13140553
13143732 13143737
13147145 13147146
13150379 13150385
13153509 13153515
13156709 13156710
13159818 13159821
13162732 13162736
13165852 13165856
13168883 13168888
13171964 13171965
13174933 13174934
13178110 13178111
13181468 13181470
13184763 13184767
13187817 13187818
13190904 13190911
13193988 13193989
13197295 13197299
13200475 13200476
13203452 13203454
13206672 13206674
13209695 13209697
13212564 13212571
13215226 13215227
13217704 13217706
13220329 13220338
13222751 13222772
13224983 13224999
13227429 13227480
13229870 13229931
13232504 13232544
13235314 13235371
13238009 13238136
13240560 13240677
13243088 13243317
13245879 13246162
13248641 13249216
13251479 13251693
13253840 13253881
13255972 13255977
13257999 13258000
13260208 13260210
13262329 13262343
13264357 13264365
13266605 13266614
13269039 13269050
13271339 13271344
13273684 13273694
13276269 13276270
13278863 13278866
13281242 13281247
13283753 13283754
13286347 13286348
13288952 13288953
13291580 13291581
13294230 13294232
13297119 13297120
13300037 13300039
13302834 13302835
13305600 13305604
13308191 13308194
13310734 13310736
13313432 13313434
13316262 13316263
13319084 13319085
13321688 13321689
13324139 13324140
13326511 13326513
13329043 13329050
13331454 13331458
13333667 13333674
13335922 13335923
13338097 13338100
13340176 13340180
13342251 13342256
13344355 13344363
13346688 13346696
13348909 13348948
13351036 13351079
13353402 13353463
13355799 13355897
13358057 13358128
13360328 13360363
13362484 13362492
13364853 13364857
13367386 13367388
13369777 13369786
13372358 13372377
13375082 13375106
13377861 13377863
13380454 13380455
13382894 13382897
13385467 13385473
13387831 13387833
13389948 13389952
13392275 13392281
13394381 13394383
13396692 13396693
13398950 13398959
13401129 13401144
13403454 13403465
13405571 13405576
13407913 13407919
13410121 13410122
13412400 13412401
13414580 13414582
13416580 13416582
13418571 13418574
13420783 13420785
13423098 13423100
13425243 13425248
13427236 13427248
13429288 13429318
13431321 13431382
13433220 13433281
13435048 13435085
13436901 13436997
13438674 13438748
13440255 13440261
13441518 13441532
13442875 13442878
13444268 13444270
13445834 13445835
13447492 13447493
13449218 13449222
13451181 13451192
13453257 13453264
13455292 13455306
13457125 13457128
13459073 13459074
13460775 13460778
13462666 13462668
13464673 13464677
13466651 13466652
13468594 13468596
13470305 13470306
13471767 13471768
13473294 13473295
13474721 13474723
13476330 13476331
13477831 13477832
13479228 13479230
13480458 13480462
13481882 13481887
13483358 13483360
13485029 13485031
13486876 13486879
13488731 13488743
13490643 13490645
13492731 13492732
13494881 13494882
13497139 13497140
13499442 13499448
13501513 13501520
13503439 13503441
13505393 13505399
13507340 13507342
13509103 13509106
13510717 13510721
13512481 13512486
13514318 13514326
13516196 13516215
13518007 13518067
13519972 13520041
13521838 13521881
13523489 13523552
13524970 13524971
13526604 13526607
13528207 13528212
13529720 13529721
13531063 13531074
13532588 13532596
13534144 13534146
13535832 13535833
13537703 13537710
13539476 13539485
13541413 13541416
13543140 13543143
13544705 13544706
13546206 13546207
13547810 13547818
13549258 13549272
13550547 13550550
13551931 13551932
13553521 13553527
13555002 13555004
13556448 13556450
13557932 13557934
13559196 13559205
13560681 13560687
13562409 13562417
13564042 13564049
13565588 13565609
13567220 13567229
13568628 13568629
13569881 13569882
13571100 13571105
13572288 13572300
13573574 13573588
13575028 13575040
13576485 13576502
13577918 13577925
13579500 13579503
13581228 13581233
13582926 13582928
13584730 13584731
13586285 13586288
13587679 13587680
13589034 13589036
13590310 13590318
13591599 13591603
13592850 13592874
13594318 13594326
13595922 13595929
13597643 13597644
13599132 13599133
13600758 13600759
13602557 13602562
13604343 13604352
13606236 13606238
13608183 13608185
13610359 13610360
13612474 13612476
13614465 13614466
13616451 13616453
13618326 13618327
13620141 13620143
13621744 13621745
13623137 13623138
13624354 13624356
13625340 13625341
13626504 13626506
13627510 13627512
13628499 13628500
13629560 13629562
13630727 13630729
13631817 13631822
13633064 13633076
13634143 13634156
13635400 13635426
13636489 13636504
13637504 13637505
13638336 13638338
13638944 13638946
13639526 13639527
13639886 13639889
13640367 13640369
13641065 13641066
13641934 13641936
13642700 13642702
13643705 13643709
13644819 13644821
13646036 13646042
13647108 13647110
13648115 13648125
13649332 13649368
13650388 13650390
13651268 13651269
13652142 13652143
13653142 13653146
13653991 13654003
13654853 13654886
13655942 13656059
13656898 13656963
13657561 13657607
13658196 13658200
13658599 13658604
13659208 13659213
13659665 13659680
13660260 13660269
13660944 13660945
13661547 13661549
13662125 13662128
13662754 13662759
13663564 13663571
13664257 13664279
13664974 13665007
13665757 13665764
13666332 13666335
13666713 13666715
13667239 13667240
13667661 13667662
13668158 13668159
13668661 13668662
13669275 13669276
13669740 13669742
13670337 13670339
13671070 13671072
13671721 13671722
13672370 13672375
13673016 13673036
13673806 13673818
13674547 13674557
13675137 13675143
13675556 13675560
13675995 13675997
13676529 13676531
13677248 13677249
13677750 13677751
13678165 13678167
13678443 13678444
13678509 13678510
13678751 13678754
13679061 13679074
13679283 13679287
13679569 13679580
13679874 13679876
13680102 13680105
13680338 13680343
13680812 13680830
13681528 13681584
13682183 13682263
13682806 13682827
13683180 13683236
13683433 13683503
13683837 13683866
13684005 13684029
13684158 13684215
13684236 13684286
13684327 13684333
13684359 13684382
13684628 13684647
13685098 13685103
13685738 13685739
13686424 13686427
13687031 13687036
13687535 13687541
13687800 13687803
13688055 13688057
13688482 13688488
13688892 13688895
13689448 13689450
13690110 13690119
13690674 13690676
13691287 13691288
13691750 13691756
13692145 13692146
13692646 13692647
13692996 13692998
13693467 13693468
13693829 13693830
13694186 13694188
13694771 13694772
13695263 13695267
13695621 13695622
13695912 13695913
13696097 13696099
13696287 13696295
13696558 13696571
13696848 13696849
13697053 13697058
13697199 13697200
13697358 13697359
13697760 13697763
13698114 13698122
13698517 13698521
13699031 13699037
13699305 13699308
13699337 13699343
13699418 13699452
13699652 13699711
13699830 13699868
13699894 13699935
13700132 13700139
13700161 13700162
13700210 13700211
13700450 13700453
13700507 13700510
13700603 13700606
13700881 13700888
13701176 13701177
13701444 13701445
13701465 13701469
13701487 13701488
13701590 13701594
13701612 13701616
13701716 13701717
13702056 13702057
13702413 13702416
13702869 13702871
13703170 13703171
13703537 13703539
13703772 13703778
13704169 13704170
13704622 13704623
13705246 13705248
13706059 13706062
13706753 13706758
13707534 13707537
13708328 13708335
13709202 13709209
13710019 13710020
13710873 13710874
13711745 13711746
13712705 13712712
13713764 13713766
13714669 13714670
13715656 13715657
13716597 13716608
13717732 13717759
13719094 13719100
13720459 13720460
13721719 13721720
13722810 13722814
13724140 13724141
13725532 13725534
13727037 13727049
13728791 13728803
13730390 13730393
13731855 13731857
13733360 13733362
13734908 13734909
13736604 13736605
13738466 13738468
13740529 13740530
13742532 13742534
13744659 13744660
13746849 13746850
13749178 13749179
13751577 13751578
13753826 13753830
13756111 13756112
13758595 13758599
13761032 13761034
13763273 13763274
13765296 13765298
13767238 13767243
13769275 13769276
13771140 13771141
13773229 13773230
13775173 13775175
13777023 13777024
13778848 13778851
13780870 13780875
13783072 13783078
13785484 13785486
13788010 13788011
13790672 13790673
13793135 13793137
13795818 13795819
13798562 13798563
13801490 13801494
13804265 13804270
13806867 13806877
13809687 13809689
13812559 13812560
13815493 13815497
13818659 13818663
13821969 13821971
13825087 13825089
13828114 13828116
13831142 13831144
13834069 13834071
13837243 13837249
13840495 13840510
13843523 13843524
13846417 13846420
13849252 13849257
13852316 13852318
13855472 13855475
13858541 13858543
13861476 13861477
13864310 13864313
13867167 13867180
13869864 13869880
13872562 13872604
13875483 13875508
13878527 13878543
13881450 13881462
13884344 13884363
13887174 13887194
13890204 13890218
13893417 13893424
13896474 13896483
13899306 13899311
13902058 13902059
13905038 13905041
13907955 13907960
13911083 13911089
13914031 13914071
13917097 13917115
13920376 13920380
13923739 13923740
13926899 13926903
13930190 13930192
13933321 13933331
13936570 13936583
13939942 13939954
13943340 13943401
13946987 13947023
13950752 13950792
13954701 13954714
13958720 13958750
13962999 13963014
13967332 13967360
13971636 13971646
13975902 13975912
13980282 13980287
13984596 13984597
13988738 13988740
13993062 13993063
13997370 13997371
14001853 14001854
14006435 14006436
14011211 14011212
14015756 14015760
14020149 14020151
14024555 14024562
14028835 14028852
14033325 14033379
14037749 14037782
14042362 14042363
14046731 14046732
14051153 14051156
14055708 14055710
14060398 14060399
14064845 14064846
14069227 14069228
14073540 14073541
14077897 14077899
14082162 14082165
14086397 14086400
14090570 14090573
14094886 14094894
14099309 14099314
14103868 14103875
14108341 14108371
14113048 14113126
14117823 14117868
14122573 14122682
14127211 14127267
14131705 14131809
14136372 14136490
14140926 14140959
14145590 14145596
14150015 14150016
14154388 14154395
14158982 14159018
14163669 14163712
14168401 14168460
14173394 14173422
14178357 14178406
14183460 14183468
14188287 14188297
14193129 14193139
14197758 14197766
14202335 14202357
14206816 14206838
14211214 14211239
14215629 14215672
14219948 14219975
14224441 14224501
14229104 14229205
14234041 14234115
14238819 14238839
14243704 14243707
14248732 14248733
14253538 14253540
14258115 14258118
14262739 14262741
14267558 14267559
14272361 14272362
14277267 14277270
14282265 14282270
14287231 14287241
14292244 14292246
14297253 14297256
14302107 14302108
14306874 14306877
14311528 14311530
14316373 14316375
14321004 14321006
14325595 14325596
14330320 14330323
14335170 14335174
14340227 14340231
14345352 14345353
14350274 14350275
14355026 14355030
14359827 14359837
14364433 14364451
14368854 14368886
14373092 14373130
14377494 14377504
14381699 14381720
14385776 14385816
14389687 14389703
14393622 14393628
14397791 14397792
14402075 14402076
14406461 14406465
14411071 14411073
14415792 14415806
14420490 14420500
14424945 14424947
14429366 14429368
14433898 14433901
14438518 14438522
14443008 14443010
14447519 14447526
14452155 14452157
14456549 14456550
14461190 14461192
14465633 14465634
14470104 14470105
14474495 14474500
14479101 14479103
14483562 14483566
14488085 14488088
14492682 14492687
14497352 14497355
14501920 14501922
14506732 14506734
14511567 14511569
14516537 14516538
14521314 14521315
14525952 14525953
14530749 14530755
14535564 14535567
14540175 14540182
14544935 14544938
14549618 14549623
14554269 14554284
14558781 14558783
14563042 14563044
14567316 14567325
14571619 14571628
14576087 14576090
14580379 14580380
14584682 14584684
14589141 14589143
14593850 14593855
14598540 14598548
14603074 14603079
14607808 14607813
14612608 14612609
14617481 14617482
14622326 14622327
14627123 14627124
14631869 14631872
14636547 14636550
14640994 14640996
14645411 14645412
14649908 14649910
14654530 14654531
14658915 14658916
14663503 14663504
14668137 14668138
14672990 14672991
14677900 14677902
14682641 14682646
14687581 14687582
14692690 14692692
14697953 14697954
14703293 14703294
14708843 14708844
14714448 14714449
14720297 14720298
14726319 14726322
14732477 14732480
14738527 14738528
14744519 14744520
14750559 14750560
14756796 14756800
14763170 14763173
14769354 14769361
14775549 14775551
14781566 14781573
14787501 14787518
14793213 14793215
14799110 14799114
14804782 14804785
14810477 14810479
14816154 14816158
14821987 14822000
14828044 14828077
14834175 14834176
14840073 14840076
14846114 14846115
14852376 14852378
14858579 14858580
14865010 14865011
14871232 14871234
14877521 14877525
14883742 14883743
14889752 14889753
14895579 14895582
14901642 14901647
14907653 14907654
14913607 14913614
14919513 14919515
14925365 14925367
14931047 14931051
14936822 14936830
14942380 14942381
14947988 14947991
14953403 14953410
14959026 14959030
14964540 14964553
14969962 14969963
14975527 14975528
14981291 14981295
14986910 14986911
14992625 14992632
14998560 14998561
15004601 15004602
15010470 15010472
15016119 15016122
15021829 15021832
15027356 15027376
15033025 15033034
15038872 15038891
15044921 15044934
15051127 15051128
15057561 15057563
15064226 15064230
15071132 15071133
15077948 15077949
15084724 15084727
15091661 15091664
15098616 15098617
15105720 15105729
15112857 15112860
15120122 15120124
15127536 15127549
15134904 15134915
15142466 15142498
15149837 15149841
15157230 15157233
15164537 15164545
15171882 15171889
15179453 15179454
15186793 15186798
15194320 15194328
15202090 15202091
15209926 15209927
15217912 15217913
15226098 15226099
15234330 15234335
15242401 15242403
15250581 15250592
15258970 15258980
15267385 15267397
15275658 15275663
15284141 15284160
15292689 15292691
15301129 15301133
15309578 15309584
15318253 15318261
15326730 15326734
15335415 15335427
15344215 15344223
15352783 15352786
15361513 15361515
15370227 15370229
15378970 15378975
15387574 15387579
15396325 15396330
15404932 15404933
15413400 15413401
15421961 15421962
15430563 15430568
15438968 15438973
15447221 15447226
15455514 15455516
15463615 15463616
15471716 15471717
15480001 15480002
15488395 15488396
15496947 15496950
15505300 15505301
15513636 15513638
15522117 15522118
15530616 15530618
15539199 15539200
15547645 15547649
15556287 15556294
15564851 15564865
15573560 15573582
15582044 15582074
15590402 15590405
15598509 15598512
15606487 15606492
15614657 15614675
15622654 15622662
15630746 15630772
15638795 15638809
15646935 15646944
15655159 15655161
15663335 15663336
15671510 15671512
15679571 15679580
15687634 15687636
15695870 15695872
15703887 15703890
15711700 15711705
15719542 15719545
15727308 15727310
15734844 15734851
15742214 15742227
15749824 15749864
15757288 15757290
15764557 15764564
15771850 15771888
15779322 15779323
15786893 15786894
15794552 15794556
15802102 15802105
15809621 15809623
15817310 15817325
15824775 15824795
15832103 15832133
15839313 15839378
15846703 15846808
15853931 15853938
15861108 15861124
15868357 15868365
15875414 15875418
15882536 15882546
15889746 15889757
15897102 15897105
15904261 15904270
15911461 15911464
15918768 15918769
15926289 15926291
15934046 15934051
15941633 15941637
15949111 15949112
15956600 15956601
15964256 15964261
15971718 15971721
15979022 15979024
15986394 15986398
15993857 15993862
16001293 16001297
16008764 16008765
16016129 16016130
16023247 16023248
16030412 16030413
16037815 16037821
16045375 16045379
16053147 16053151
16061143 16061150
16068980 16068981
16076689 16076690
16084603 16084604
16092299 16092306
16099895 16099898
16107558 16107560
16115253 16115255
16123079 16123080
16130854 16130855
16138705 16138706
16146761 16146762
16154752 16154753
16162771 16162772
16170951 16170952
16179306 16179311
16187658 16187659
16195806 16195811
16203795 16203800
16211950 16211954
16219963 16219970
16228144 16228145
16236201 16236203
16244263 16244274
16252320 16252342
16260573 16260589
16268912 16268925
16277203 16277222
16285421 16285439
16293658 16293676
16301767 16301796
16309930 16309931
16317984 16317995
16325844 16325845
16333738 16333740
16341463 16341464
16349050 16349051
16356702 16356703
16364408 16364410
16371947 16371948
16379689 16379690
16387501 16387506
16395382 16395385
16403489 16403494
16411635 16411638
16419536 16419538
16427590 16427591
16435485 16435488
16443277 16443278
16451196 16451201
16459099 16459105
16467150 16467158
16475305 16475312
16483569 16483578
16492050 16492054
16500720 16500727
16509539 16509544
16518179 16518205
16527084 16527190
16535858 16535911
16544765 16544903
16553814 16554194
16563153 16563344
16572326 16572374
16581315 16581482
16590184 16590202
16598776 16598789
16607369 16607370
16615977 16615980
16624567 16624570
16633229 16633234
16641725 16641730
16650006 16650010
16658067 16658068
16666369 16666372
16674839 16674843
16683381 16683383
16691796 16691803
16700176 16700179
16708687 16708692
16717366 16717378
16726270 16726277
16735386 16735390
16744579 16744580
16753739 16753741
16762904 16762905
16771890 16771891
16780989 16780992
16790126 16790131
16799106 16799110
16807915 16807917
16816604 16816606
16825367 16825372
16833974 16833975
16842399 16842402
16850895 16850900
16859369 16859381
16867738 16867740
16875907 16875912
16883944 16883957
16891794 16891814
16899565 16899569
16907129 16907134
16914511 16914514
16921846 16921853
16929385 16929410
16936703 16936755
16944137 16944277
16951817 16951932
16959612 16959789
16967560 16967906
16975693 16976654
16984455 16986980
16994587 16995207
17003014 17003285
17011322 17011717
17019927 17020053
17028136 17028175
17036272 17036311
17044559 17044564
17052618 17052628
17060700 17060702
17068864 17068865
17076787 17076789
17084683 17084685
17092570 17092571
17100292 17100293
17107921 17107922
17115449 17115450
17122812 17122815
17130182 17130184
17137622 17137625
17144959 17144960
17152446 17152449
17160009 17160014
17167710 17167712
17175413 17175421
17183327 17183329
17191261 17191264
17199009 17199011
17206718 17206721
17214386 17214393
17221982 17221984
17229332 17229333
17236462 17236463
17243767 17243769
17250831 17250834
17257889 17257893
17264750 17264751
17271514 17271515
17278465 17278469
17285515 17285516
17292514 17292516
17299455 17299457
17306527 17306528
17313376 17313380
17320064 17320069
17326929 17326930
17333978 17333979
17341006 17341008
17347836 17347841
17354534 17354542
17361072 17361073
17367723 17367725
17374183 17374186
17380569 17380570
17386950 17386953
17393578 17393582
17400047 17400058
17406497 17406514
17413077 17413153
17419949 17419971
17426567 17426569
17433192 17433193
17439674 17439679
17446315 17446317
17453024 17453025
17459772 17459773
17466650 17466652
17473579 17473581
17480276 17480277
17486836 17486838
17493246 17493248
17499426 17499427
17505617 17505618
17511786 17511787
17517983 17517985
17524229 17524233
17530646 17530648
17537127 17537129
17543469 17543471
17549946 17549950
17556631 17556657
17563223 17563259
17569826 17569924
17576407 17576592
17582982 17583165
17589632 17589644
17595947 17595951
17602501 17602504
17609213 17609216
17615855 17615857
17622599 17622603
17629534 17629536
17636530 17636532
17643685 17643692
17650851 17650853
17658227 17658228
17665620 17665622
17673148 17673150
17680888 17680891
17688680 17688684
17696702 17696707
17704666 17704668
17712811 17712812
17720740 17720742
17728808 17728809
17736802 17736805
17744971 17744977
17752975 17752982
17761063 17761082
17769075 17769094
17777280 17777325
17785680 17785710
17794037 17794121
17802478 17802549
17810812 17810987
17819371 17819744
17827887 17827895
17835927 17835934
17843940 17843950
17851890 17851908
17859890 17859951
17868041 17868125
17876202 17876259
17884309 17884327
17892505 17892514
17900842 17900845
17909071 17909075
17917462 17917466
17925742 17925743
17934229 17934230
17942683 17942686
17951096 17951098
17959517 17959518
17968079 17968081
17976835 17976837
17985738 17985770
17994662 17994683
18003740 18003741
18012989 18012990
18022098 18022100
18031335 18031336
18040650 18040656
18049927 18049949
18059460 18059472
18068816 18068818
18078062 18078063
18087113 18087114
18096226 18096227
18105404 18105413
18114513 18114517
18123746 18123748
18132977 18132978
18142266 18142268
18151373 18151375
18160610 18160618
18169917 18169922
18179146 18179150
18188405 18188408
18197726 18197730
18207169 18207172
18216816 18216817
18226696 18226697
18236562 18236565
18246255 18246258
18255840 18255841
18265521 18265522
18275095 18275101
18284793 18284802
18294458 18294472
18304043 18304044
18313605 18313606
18323348 18323350
18333077 18333080
18343039 18343040
18353100 18353101
18363107 18363108
18372950 18372952
18382643 18382648
18392089 18392096
18401709 18401710
18411236 18411238
18420954 18420964
18430686 18430694
18440561 18440568
18450252 18450259
18460110 18460121
18469750 18469752
18479282 18479284
18488791 18488794
18498255 18498273
18507689 18507691
18517071 18517080
18526462 18526464
18535720 18535721
18544824 18544825
18553762 18553763
18562463 18562464
18571195 18571196
18579835 18579836
18588377 18588378
18597060 18597061
18605922 18605926
18614545 18614548
18622920 18622921
18631358 18631360
18639914 18639925
18648509 18648518
18657264 18657289
18665835 18665836
18674269 18674270
18682780 18682783
18691283 18691293
18700001 18700005
18708525 18708528
18717237 18717238
18725999 18726002
18734860 18734866
18743967 18743971
18753108 18753112
18762048 18762053
18771101 18771114
18780030 18780033
18789126 18789128
18798256 18798257
18807480 18807484
18816662 18816665
18825668 18825676
18834516 18834530
18843516 18843572
18852671 18852749
18861700 18861769
18870883 18870934
18879890 18879931
18889047 18889114
18898157 18898316
18907297 18907442
18916240 18916415
18925206 18925225
18934110 18934136
18943066 18943075
18951817 18951830
18960732 18960743
18969598 18969612
18978618 18978620
18987457 18987463
18996208 18996209
19005168 19005172
19013905 19013915
19022796 19022799
19031489 19031490
19039965 19039971
19048200 19048208
19056684 19056690
19065109 19065111
19073440 19073443
19081921 19081924
19090238 19090255
19098540 19098551
19106855 19106856
19115019 19115022
19123295 19123297
19131468 19131472
19139566 19139567
19147638 19147641
19155496 19155500
19163515 19163521
19171623 19171625
19179504 19179506
19187355 19187362
19195316 19195325
19203240 19203241
19211058 19211059
19218673 19218678
19226109 19226113
19233437 19233438
19240641 19240643
19247800 19247801
19255155 19255157
19262490 19262491
19270004 19270005
19277684 19277685
19285485 19285487
19293175 19293176
19300624 19300630
19308122 19308137
19315392 19315403
19322774 19322794
19330176 19330185
19337743 19337750
19345171 19345179
19352813 19352820
19360567 19360574
19368370 19368371
19376225 19376226
19384115 19384123
19391780 19391783
19399297 19399302
19407017 19407019
19414673 19414675
19422487 19422488
19430383 19430386
19438279 19438281
19446054 19446055
19453792 19453794
19461360 19461363
19468865 19468866
19476555 19476562
19484351 19484356
19492251 19492269
19500020 19500052
19507906 19507940
19516040 19516114
19524264 19524303
19532556 19532587
19540776 19540867
19549215 19549296
19557676 19557937
19566130 19566214
19574169 19574219
19582062 19582289
19589935 19589999
19597730 19597922
19605447 19605550
19612832 19612883
19620248 19620307
19627676 19627736
19635016 19635065
19642486 19642528
19649870 19649871
19657454 19657456
19664832 19664833
19672392 19672397
19679792 19679811
19687339 19687367
19694948 19694949
19702408 19702411
19709708 19709709
19717016 19717021
19724230 19724240
19731338 19731366
19738647 19738675
19745969 19745971
19753154 19753159
19760379 19760383
19767508 19767526
19774551 19774584
19781791 19781807
19789233 19789241
19796608 19796624
19804170 19804172
19811805 19811806
19819637 19819638
19827436 19827437
19835061 19835063
19842461 19842463
19849876 19849878
19857089 19857102
19864433 19864441
19872019 19872022
19879724 19879728
19887454 19887457
19895192 19895193
19902713 19902714
19910457 19910459
19918389 19918392
19926263 19926267
19934253 19934255
19942239 19942247
19950255 19950259
19958248 19958251
19966138 19966139
19973796 19973798
19981478 19981479
19989037 19989040
19996501 19996502
20003749 20003751
20010751 20010753
20017975 20017981
20025171 20025176
20032169 20032184
20039247 20039274
20046166 20046218
20052962 20052999
20059651 20059658
20066117 20066131
20072815 20072835
20079422 20079429
20085814 20085818
20091956 20091957
20098245 20098246
20104446 20104448
20110551 20110553
20116552 20116554
20122393 20122397
20128151 20128162
20133963 20133967
20139869 20139870
20145656 20145658
20151412 20151413
20157273 20157275
20163019 20163022
20168947 20168949
20174904 20174905
20180761 20180765
20186767 20186780
20192970 20192972
20199100 20199102
20205100 20205115
20211238 20211254
20217363 20217402
20223460 20223502
20229541 20229564
20235577 20235583
20241715 20241725
20247763 20247795
20253868 20253975
20259835 20259865
20265827 20265917
20271814 20271828
20277632 20277645
20283676 20283689
20289754 20289791
20295661 20295701
20301570 20301622
20307539 20307592
20313352 20313491
20319313 20319540
20325144 20325250
20330748 20330826
20336359 20336366
20342011 20342024
20347511 20347534
20352914 20352944
20358127 20358137
20363182 20363188
20368345 20368356
20373579 20373597
20378752 20378765
20384047 20384055
20389264 20389266
20394511 20394514
20399730 20399732
20405174 20405175
20410782 20410789
20416438 20416451
20422020 20422026
20427504 20427510
20433016 20433026
20438433 20438437
20443958 20443960
20449725 20449730
20455384 20455390
20460905 20460909
20466613 20466615
20472277 20472281
20477815 20477830
20483344 20483371
20488829 20488836
20494447 20494448
20499932 20499934
20505288 20505289
20510500 20510503
20515614 20515618
20520488 20520494
20525216 20525217
20529794 20529796
20534598 20534600
20539219 20539230
20543725 20543740
20548094 20548097
20552502 20552512
20557085 20557086
20561785 20561786
20566720 20566723
20571877 20571878
20576930 20576934
20581867 20581873
20587013 20587015
20592225 20592226
20597213 20597214
20601999 20602000
20606758 20606760
20611750 20611753
20616570 20616574
20621482 20621489
20626468 20626471
20631575 20631582
20636537 20636552
20641727 20641744
20646734 20646741
20651781 20651797
20656761 20656781
20661738 20661748
20666739 20666756
20671511 20671514
20676206 20676212
20681123 20681132
20686085 20686112
20691074 20691102
20696286 20696289
20701277 20701282
20706044 20706057
20711052 20711059
20715975 20715976
20720844 20720846
20725844 20725853
20730714 20730730
20735834 20735851
20740724 20740758
20745554 20745652
20750335 20750390
20755054 20755157
20759896 20759917
20764644 20764671
20769632 20769651
20774769 20774819
20780147 20780312
20785546 20785626
20790902 20791015
20796307 20796333
20801418 20801443
20806409 20806413
20811453 20811456
20816512 20816528
20821685 20821686
20826660 20826661
20831876 20831877
20837081 20837082
20842521 20842523
20848205 20848207
20854036 20854041
20859699 20859700
20865539 20865541
20871599 20871605
20877686 20877694
20883611 20883619
20889721 20889722
20896008 20896009
20902081 20902082
20908240 20908249
20914317 20914323
20920595 20920596
20926877 20926879
20933050 20933051
20938987 20938989
20945078 20945086
20951218 20951219
20957412 20957420
20963816 20963837
20970356 20970411
20976709 20976800
20983044 20983136
20989482 20989638
20995780 20995947
21002196 21002607
21008896 21010073
21016429 21016875
21023071 21023121
21029259 21029264
21035463 21035477
21041678 21041679
21047869 21047873
21054184 21054185
21060641 21060644
21067184 21067185
21073712 21073714
21080309 21080313
21087101 21087102
21093989 21093990
21100904 21100905
21108034 21108040
21115019 21115022
21121893 21121906
21128666 21128674
21135265 21135266
21142081 21142083
21148699 21148714
21155081 21155097
21161338 21161350
21167518 21167524
21173669 21173679
21179651 21179653
21185567 21185574
21191644 21191667
21197685 21197687
21203510 21203514
21209381 21209395
21215270 21215273
21221283 21221285
21227411 21227413
21233443 21233444
21239556 21239561
21245768 21245769
21251893 21251894
21257807 21257808
21263943 21263944
21269966 21269967
21275997 21275998
21282047 21282049
21288267 21288270
21294536 21294540
21300803 21300816
21306982 21306991
21313109 21313114
21319022 21319024
21324778 21324780
21330690 21330698
21336675 21336678
21342793 21342799
21349028 21349040
21355103 21355104
21360979 21360980
21367017 21367029
21373109 21373127
21379018 21379022
21384926 21384930
21390853 21390860
21396827 21396828
21402717 21402720
21408473 21408475
21414266 21414268
21420189 21420191
21426138 21426147
21432174 21432177
21438016 21438018
21444025 21444029
21449788 21449793
21455546 21455559
21461488 21461524
21467382 21467400
21473376 21473377
21479478 21479480
21485751 21485753
21491827 21491829
21498008 21498009
21504426 21504427
21511009 21511010
21517585 21517588
21524024 21524025
21530437 21530438
21536779 21536784
21542948 21542953
21548961 21548969
21555101 21555163
21561171 21561217
21567376 21567524
21573654 21573678
21579988 21580010
21586384 21586404
21592693 21592845
21599149 21599338
21605411 21605572
21611595 21611839
21617998 21618410
21624720 21625160
21631648 21631693
21638066 21638088
21644500 21644502
21650665 21650667
21656596 21656608
21662741 21662751
21668788 21668793
21674764 21674766
21680767 21680769
21686727 21686730
21692675 21692676
21698693 21698695
21704463 21704466
21710351 21710362
21716119 21716130
21721761 21721763
21727459 21727469
21733312 21733338
21739248 21739270
21745286 21745291
21751464 21751466
21757764 21757766
21763888 21763890
21770066 21770069
21776221 21776223
21782270 21782273
21788268 21788275
21794135 21794137
21800060 21800061
21805932 21805933
21811924 21811934
21817906 21817920
21824033 21824034
21830165 21830169
21836226 21836229
21842453 21842457
21848621 21848629
21854784 21854785
21861024 21861027
21867421 21867423
21873697 21873698
21880109 21880110
21886712 21886718
21893367 21893381
21899819 21899836
21906166 21906175
21912414 21912426
21918804 21918809
21925025 21925026
21931170 21931172
21937309 21937312
21943411 21943414
21949659 21949661
21956027 21956032
21962330 21962332
21968792 21968795
21975278 21975282
21981779 21981782
21988403 21988405
21994950 21994952
22001540 22001543
22007910 22007912
22014071 22014072
22020019 22020024
22026078 22026097
22032273 22032275
22038588 22038591
22045038 22045039
22051244 22051249
22057602 22057605
22064098 22064099
22070454 22070455
22076957 22076958
22083507 22083508
22089816 22089817
22095963 22095964
22101932 22101933
22107904 22107907
22114042 22114062
22120347 22120366
22126478 22126508
22132601 22132620
22138652 22138680
22144480 22144504
22150271 22150291
22156305 22156335
22162115 22162122
22167726 22167728
22173470 22173474
22179410 22179419
22185210 22185226
22191079 22191096
22197118 22197121
22203304 22203311
22209470 22209472
22215826 22215827
22222128 22222132
22228568 22228569
22234976 22234977
22241244 22241248
22247750 22247753
22254504 22254511
22261383 22261398
22268425 22268434
22275636 22275642
22282664 22282665
22289667 22289670
22296623 22296624
22303633 22303637
22310715 22310721
22317556 22317558
22324532 22324534
22331407 22331408
22338461 22338466
22345679 22345682
22353095 22353108
22360664 22360684
22368355 22368360
22375797 22375799
22382989 22383005
22390345 22390350
22397739 22397740
22405322 22405324
22412900 22412903
22420413 22420418
22427819 22427827
22435177 22435179
22442747 22442749
22450411 22450414
22457997 22458000
22465516 22465519
22473160 22473169
22480913 22480926
22488725 22488736
22496656 22496677
22504377 22504379
22512325 22512332
22520113 22520116
22527673 22527674
22535050 22535052
22542521 22542529
22550007 22550008
22557697 22557698
