408 454
885 980
1561 1722
2392 2512
2948 3060
3721 3874
4530 4684
5171 5323
5936 6031
6523 6660
7000 7190
7555 7747
7900 8091
8182 8368
8510 8675
8681 8876
8899 9091
9264 9390
9748 9871
10236 10297
10621 10674
11198 11204
11766 11816
12579 12678
13205 13378
13805 13986
14248 14466
14699 14870
15293 15410
15597 15707
16010 16122
16409 16553
16740 16835
16920 17074
17166 17320
17355 17578
17656 17930
17957 18227
18251 18520
18613 18922
19250 19605
19860 20172
20264 20646
20804 21181
21262 21685
21938 22364
22423 22805
23066 23395
23676 23973
24128 24499
24854 25224
25621 26006
26539 26920
27668 28066
28721 29053
29535 29919
30338 30726
31058 31462
31724 32127
32230 32684
32707 33208
33355 33866
34066 34583
34884 35412
35657 36188
36293 36815
36875 37345
37393 37808
37953 38363
38408 38756
38870 39269
39322 39730
39846 40317
40416 40940
40962 41493
41547 42121
42228 42744
43036 43548
43593 44059
44311 44816
45077 45579
45657 46146
46197 46632
46686 47194
47374 47817
48055 48501
48974 49462
49914 50392
50597 51075
51160 51640
51746 52267
52291 52762
52820 53236
53242 53671
53731 54154
54200 54604
54781 55136
55532 55933
56113 56507
56596 56950
56993 57292
57399 57744
58036 58390
58465 58743
58953 59180
59421 59584
59930 60144
60514 60734
60891 61113
61159 61384
61601 61898
62201 62518
62748 63013
63030 63303
63304 63504
63682 63868
63914 64107
64179 64410
64574 64859
65209 65485
65593 65862
65947 66164
66299 66518
66557 66774
66812 67038
67098 67323
67414 67636
67708 67928
68213 68490
68978 69247
69822 70132
70613 70975
71292 71610
71839 72107
72400 72651
73082 73325
73606 73847
73909 74151
74272 74471
74591 74783
74968 75166
75331 75477
75852 76001
76427 76520
76751 76797
77113 77160
77510 77568
77965 78019
78641 78702
79124 79188
79817 79830
80334 80340
80940 80988
81736 81784
82757 82808
83709 83743
84786 84880
85740 85855
86658 86763
87627 87752
88414 88591
89423 89558
90616 90693
91983 91992
93149 93202
94258 94267
95251 95275
96280 96287
97401 97423
98633 98659
99633 99647
100627 100646
101584 101662
102404 102486
103374 103463
104249 104356
105355 105471
106435 106496
107672 107741
108918 108929
110209 110221
111273 111274
112188 112200
112896 112905
113605 113658
114233 114334
114943 115012
115716 115802
116452 116586
117303 117484
118264 118390
119406 119501
120399 120478
121165 121229
121952 122013
122683 122695
123140 123162
123405 123484
123911 123979
124313 124320
124798 124859
125173 125222
125317 125372
125400 125438
125488 125576
125873 125905
126331 126354
126906 126924
127583 127593
128063 128116
128543 128668
129072 129203
129392 129456
129651 129714
129907 129948
129963 129967
130034 130074
130126 130160
130335 130360
130702 130782
131156 131217
131839 131908
132617 132691
133343 133369
133956 133960
134383 134441
134673 134706
134812 134835
134847 134896
135039 135108
135165 135269
135320 135385
135649 135779
136146 136285
136820 136961
137416 137493
137808 137914
138161 138274
138517 138687
139017 139235
139745 139913
140617 140727
141607 141766
142841 143004
143841 143953
144755 144871
145873 145993
147101 147167
148302 148326
149561 149617
150719 150755
151868 151892
153157 153169
154479 154489
155931 155965
157372 157399
158905 158908
160534 160553
162072 162083
163417 163491
165003 165031
166701 166751
168249 168263
169789 169872
171277 171301
172527 172559
173562 173621
174477 174513
175211 175225
175990 175999
176795 176818
177594 177620
178240 178271
178774 178815
179212 179235
179833 179851
180333 180353
180755 180763
181331 181389
182048 182160
182742 182840
183310 183458
184073 184201
184595 184727
184990 185120
185191 185374
185543 185781
185847 186157
186183 186544
186555 186930
187031 187346
187427 187703
187818 188073
188132 188351
188553 188785
189138 189324
189651 189820
190343 190508
191063 191290
192057 192334
193171 193464
194252 194494
195113 195319
195921 196121
196706 196929
197409 197603
198076 198276
198857 199011
199436 199639
199838 200099
200496 200754
201224 201491
201720 201973
202365 202573
202909 203112
203233 203384
203419 203621
203767 204021
204115 204379
204643 204887
204928 205183
205249 205504
205754 205998
206017 206272
206484 206732
207014 207232
207609 207773
208008 208231
208437 208627
208913 209115
209303 209556
209900 210169
210673 210996
211677 212003
212829 213154
213757 214103
214857 215254
215804 216196
216619 217026
217262 217677
217948 218367
218484 218968
219093 219627
219707 220255
220332 220875
220931 221424
221701 222200
222363 222830
222855 223317
223365 223882
224175 224703
224908 225380
225672 226122
226337 226788
226792 227208
227354 227790
228171 228595
229016 229451
229829 230312
230493 231022
231041 231608
231718 232300
232602 233232
233692 234316
234995 235589
236455 237043
237721 238362
239181 239837
240808 241476
242665 243329
244636 245347
246773 247469
248986 249691
251156 251907
253194 253886
255111 255790
256925 257601
258767 259446
260669 261356
262408 263112
264335 265052
266286 267003
268109 268752
269677 270318
271422 272120
273165 273862
274906 275640
276855 277583
278789 279502
280606 281320
282631 283346
284497 285204
286525 287269
288438 289225
290633 291408
292698 293417
294927 295596
297195 297878
299574 300270
302135 302864
304645 305426
307234 308020
309993 310823
312983 313819
316217 317102
319430 320355
322441 323371
325505 326445
328520 329428
331274 332185
334131 335043
336848 337692
339679 340521
342442 343284
345312 346090
347910 348733
350401 351246
352819 353651
355172 356009
357777 358621
360629 361486
363289 364187
365792 366691
368146 369058
370625 371578
373263 374195
375888 376823
378718 379597
381292 382158
383776 384647
386042 386965
388412 389302
390511 391357
392358 393258
394147 395044
396116 396972
397890 398684
399751 400483
401405 402101
402924 403656
404510 405196
405975 406706
407505 408185
409192 409876
410955 411691
412545 413268
414028 414754
415500 416180
417077 417695
418456 419111
419881 420600
421594 422309
423140 423897
424634 425389
426216 427014
427720 428522
429123 429861
430487 431227
431851 432642
433017 433801
434004 434739
435005 435725
436077 436803
437248 437988
438259 439001
439082 439884
439997 440794
440990 441729
441766 442524
442602 443360
443529 444291
444337 445039
445231 445887
446199 446861
447254 447899
448503 449187
449726 450462
451069 451817
452669 453421
454426 455178
456027 456778
457604 458356
459337 460114
461203 462026
463314 464137
465362 466220
467577 468488
470050 470918
472667 473532
475104 476013
477815 478727
480321 481222
482634 483532
484892 485792
487130 488035
489489 490383
492051 492938
494623 495462
496989 497832
499351 500177
501912 502683
504530 505302
506902 507672
509347 510118
511776 512605
514077 514908
516535 517306
519158 519923
521736 522437
524224 524927
526750 527453
529061 529733
531120 531793
533247 533937
535391 536024
537451 538019
539647 540227
541772 542403
543905 544578
546242 546912
548781 549448
551107 551766
553427 554028
555495 556101
557326 557926
559177 559714
561013 561515
562691 563196
564308 564803
565910 566450
567429 568011
569154 569788
570846 571441
572551 573150
574303 574895
576008 576594
577755 578378
579699 580268
581360 581925
583196 583753
584906 585514
586842 587400
588908 589521
590811 591420
592678 593310
594326 595010
596033 596675
597861 598547
599973 600710
602133 602881
604393 605145
606760 607507
609043 609801
611216 611984
613195 613980
615251 615994
617181 617912
619280 620057
621186 621948
623164 623876
625310 625968
627651 628323
630145 630823
632415 633020
634737 635378
637119 637703
639262 639858
641198 641847
642953 643598
644810 645513
646705 647389
648368 649048
649875 650553
651273 652006
652738 653461
654382 655135
656008 656824
657815 658623
659685 660493
661343 662114
663040 663859
664729 665514
666498 667328
668076 668914
669681 670579
671289 672221
673176 674077
675171 676082
677026 677938
678652 679577
680255 681205
681784 682735
683249 684247
685006 685968
686762 687721
688717 689669
690904 691910
693179 694142
695552 696523
698119 699093
700708 701687
703231 704163
705814 706750
708529 709491
711163 712180
713640 714612
715932 716967
718193 719290
720299 721390
722170 723205
723822 724861
725370 726476
727214 728321
729235 730346
731021 732166
732999 734139
734970 736109
736837 737930
738629 739743
740504 741639
742497 743639
744569 745718
746716 747859
748739 749882
750990 752124
753278 754476
755494 756633
757714 758852
759736 760874
761717 762846
763483 764575
765308 766394
767219 768255
769142 770231
771082 772206
773297 774377
775416 776456
777434 778479
779653 780638
781874 782888
784370 785387
786876 787879
789453 790453
791880 792880
794227 795267
796684 797735
799118 800161
801358 802357
803700 804712
806241 807250
809008 809979
811638 812654
814082 815136
816339 817393
818365 819412
820215 821295
822185 823251
824184 825250
826094 827164
827769 828840
829467 830556
831419 832474
833240 834297
835154 836286
837035 838119
838744 839857
840435 841527
841958 843053
843246 844266
844392 845453
845600 846628
846695 847672
847833 848864
849103 850105
850255 851211
851471 852432
852561 853480
853586 854504
854581 855489
855540 856464
856465 857378
857499 858417
858468 859395
859501 860427
860556 861488
861644 862515
862573 863512
863658 864653
864732 865669
865830 866775
867142 868038
868455 869341
869876 870776
871549 872409
873218 874081
874936 875797
876858 877723
878971 879845
880941 881808
882749 883626
884370 885247
886189 887069
887846 888769
889563 890537
891131 892107
892594 893630
893964 895006
895442 896486
896918 897913
898331 899310
899866 900901
901607 902643
903479 904502
905311 906350
907378 908408
909603 910580
911611 912598
913684 914678
915593 916526
917378 918302
919003 919991
920595 921602
922214 923171
923975 924923
925589 926519
927326 928208
928964 929802
930671 931565
932605 933496
934649 935528
936613 937450
938682 939513
940565 941458
942547 943400
944562 945429
946794 947640
949206 950104
951459 952320
953835 954753
956291 957199
958841 959744
961445 962363
964310 965266
967443 968397
970697 971650
974068 974971
977301 978205
980576 981437
983867 984768
987181 988089
990319 991274
993665 994580
996921 997836
1000178 1001054
1003577 1004454
1007025 1007893
1010461 1011321
1013683 1014536
1017049 1017886
1020417 1021266
1023810 1024652
1027428 1028281
1031254 1032113
1035250 1036161
1039171 1040029
1042795 1043602
1046146 1046909
1049394 1050117
1052825 1053548
1056428 1057107
1060150 1060824
1063793 1064493
1067233 1067973
1070582 1071312
1073855 1074626
1077391 1078158
1081133 1081957
1084735 1085549
1088232 1089038
1091880 1092632
1095591 1096309
1099276 1100047
1103041 1103832
1106881 1107641
1110761 1111485
1114476 1115134
1118048 1118642
1121613 1122239
1125156 1125771
1128658 1129233
1132100 1132616
1135364 1135819
1138766 1139165
1142154 1142552
1145430 1145827
1148490 1148901
1151363 1151775
1154391 1154868
1157449 1157936
1160624 1161051
1163699 1164141
1166975 1167441
1170056 1170511
1173227 1173657
1176537 1176968
1179871 1180360
1183271 1183747
1186819 1187297
1190224 1190759
1193853 1194387
1197478 1198064
1201395 1202036
1205601 1206190
1209657 1210307
1213704 1214348
1217967 1218559
1221948 1222530
1225754 1226287
1229461 1229991
1232981 1233508
1236254 1236771
1239741 1240322
1243267 1243781
1246673 1247227
1250061 1250662
1253359 1254003
1256834 1257515
1260323 1261040
1263828 1264539
1267136 1267808
1270273 1270951
1273294 1273983
1276431 1277061
1279747 1280334
1283120 1283755
1286374 1287012
1289475 1290080
1292644 1293299
1295641 1296290
1298447 1299088
1301418 1302058
1304638 1305283
1307735 1308384
1310887 1311584
1314242 1314940
1317802 1318497
1321569 1322268
1325365 1326015
1329352 1330076
1333561 1334297
1337837 1338568
1342256 1342988
1346612 1347405
1350855 1351657
1355197 1356046
1359532 1360386
1363745 1364588
1367810 1368663
1372112 1372981
1376342 1377168
1380675 1381545
1385196 1386018
1389661 1390545
1394371 1395266
1399025 1399869
1403586 1404434
1408379 1409222
1413295 1414080
1418076 1418852
1422721 1423511
1427551 1428399
1432305 1433158
1437064 1437931
1441656 1442532
1446141 1447073
1450485 1451370
1454706 1455598
1459138 1460047
1463560 1464409
1467922 1468730
1472454 1473280
1476939 1477763
1481262 1482129
1485620 1486484
1490038 1490909
1494544 1495468
1499211 1500187
1503987 1505013
1509016 1510041
1513930 1514981
1518848 1519827
1523934 1524853
1528785 1529704
1533514 1534476
1538072 1539089
1542867 1543900
1547881 1548964
1552802 1553894
1557918 1559007
1563032 1564121
1568262 1569297
1573209 1574204
1577902 1578878
1582587 1583498
1587211 1588129
1592065 1592981
1596889 1597815
1601552 1602409
1606160 1606970
1610563 1611418
1615243 1616091
1619786 1620632
1624570 1625374
1629339 1630143
1634265 1635073
1639394 1640158
1644480 1645216
1649404 1650144
1654111 1654791
1658543 1659248
1662823 1663543
1667210 1667936
1671587 1672327
1675808 1676611
1680218 1681067
1684523 1685424
1688962 1689870
1693638 1694536
1698497 1699346
1703404 1704284
1708135 1709012
1712758 1713632
1717229 1718144
1721511 1722386
1725994 1726858
1730595 1731438
1735063 1735889
1739488 1740278
1744074 1744822
1748750 1749495
1753520 1754259
1758280 1759017
1762971 1763660
1767816 1768504
1772672 1773299
1777694 1778282
1782641 1783162
1787741 1788214
1792989 1793512
1798160 1798694
1803242 1803775
1808381 1808919
1813361 1813900
1818154 1818678
1822999 1823520
1827678 1828139
1832485 1832939
1837172 1837633
1842027 1842501
1846959 1847382
1851684 1852058
1856472 1856848
1861143 1861563
1865873 1866264
1870438 1870840
1875255 1875659
1879913 1880327
1884345 1884816
1888926 1889422
1893702 1894252
1898667 1899270
1903768 1904378
1909037 1909649
1914534 1915142
1920209 1920821
1925677 1926330
1931242 1931958
1937080 1937799
1942851 1943577
1948654 1949369
1954663 1955393
1960627 1961354
1966669 1967442
1972540 1973260
1978427 1979184
1984278 1985093
1989977 1990750
1995873 1996648
2001892 2002608
2007635 2008325
2013204 2013849
2018522 2019166
2023590 2024229
2028530 2029180
2033331 2033988
2038070 2038734
2042910 2043518
2047600 2048248
2052328 2052985
2056956 2057671
2061599 2062246
2066273 2066971
2070753 2071437
2075203 2075893
2079662 2080296
2084094 2084708
2088529 2089101
2092944 2093520
2097238 2097810
2101681 2102301
2106040 2106660
2110409 2111012
2114987 2115543
2119635 2120191
2124356 2124899
2129247 2129846
2134420 2135067
2139425 2140082
2144205 2144872
2149188 2149853
2154365 2155035
2159468 2160201
2164568 2165330
2169625 2170385
2174879 2175643
2180344 2181045
2185812 2186472
2191489 2192111
2197350 2198029
2203383 2204007
2209325 2209993
2215343 2216021
2221602 2222216
2227974 2228539
2234545 2235164
2241230 2241803
2247722 2248243
2254138 2254651
2260477 2261012
2266696 2267217
2272736 2273261
2278875 2279343
2284922 2285341
2290897 2291318
2297054 2297452
2303262 2303652
2309334 2309728
2315331 2315735
2321420 2321838
2327661 2328023
2334049 2334361
2340555 2340917
2347180 2347495
2353923 2354235
2360896 2361252
2367824 2368194
2374801 2375205
2381590 2381931
2388143 2388542
2394550 2395010
2400968 2401370
2407257 2407705
2413762 2414246
2420054 2420556
2426207 2426754
2432227 2432833
2438197 2438815
2444107 2444722
2450015 2450565
2455621 2456121
2460987 2461535
2466478 2466966
2471905 2472339
2477151 2477520
2482415 2482730
2487590 2487842
2492925 2493118
2498099 2498290
2503464 2503663
2508616 2508748
2513522 2513642
2518442 2518563
2523135 2523306
2527927 2528151
2532576 2532810
2537171 2537353
2541933 2542121
2546724 2546955
2551795 2551998
2556724 2556922
2561844 2562035
2566869 2567111
2572130 2572366
2577401 2577688
2582791 2583076
2588185 2588467
2593327 2593562
2598510 2598689
2603845 2604072
2608985 2609236
2614036 2614241
2619106 2619296
2624183 2624379
2629297 2629483
2634321 2634524
2639242 2639444
2644227 2644386
2649184 2649338
2654231 2654458
2659480 2659656
2664649 2664869
2670040 2670297
2675556 2675840
2681009 2681337
2686461 2686830
2691746 2692114
2697184 2697502
2702418 2702794
2707777 2708190
2713297 2713639
2718771 2719116
2724151 2724440
2729552 2729834
2734986 2735298
2740259 2740616
2745686 2746066
2751159 2751540
2756835 2757176
2762620 2762901
2768147 2768483
2773664 2773984
2779092 2779416
2784528 2784849
2789789 2790164
2794965 2795414
2800012 2800450
2805000 2805423
2809768 2810201
2814571 2814959
2819427 2819872
2824353 2824797
2829513 2830011
2834684 2835179
2839933 2840482
2845181 2845715
2850657 2851203
2856234 2856826
2861833 2862385
2867475 2868016
2873317 2873866
2879123 2879665
2884862 2885353
2890632 2891070
2896170 2896602
2901745 2902179
2907151 2907586
2912703 2913152
2918309 2918756
2923950 2924392
2929514 2929972
2935276 2935795
2940858 2941379
2946530 2947046
2952278 2952833
2957908 2958406
2963574 2964009
2969070 2969509
2974393 2974781
2979857 2980193
2985039 2985314
2990129 2990415
2995281 2995618
3000295 3000585
3005407 3005755
3010703 3011001
3015874 3016216
3021083 3021417
3026043 3026410
3030898 3031255
3035938 3036287
3041212 3041604
3046644 3047082
3052030 3052517
3057427 3057926
3062906 3063447
3068419 3069004
3074178 3074768
3079734 3080322
3085509 3086091
3091119 3091723
3096706 3097304
3102252 3102790
3107706 3108241
3113163 3113699
3118738 3119219
3124324 3124809
3129709 3130192
3134958 3135444
3140019 3140443
3145209 3145639
3150595 3151001
3155713 3156070
3160841 3161242
3166180 3166648
3171544 3172009
3176830 3177296
3182347 3182808
3187950 3188411
3193794 3194253
3199486 3199899
3205126 3205530
3210760 3211107
3216295 3216639
3221989 3222265
3227610 3227882
3233329 3233599
3239251 3239525
3245072 3245289
3250861 3251110
3256898 3257133
3263018 3263203
3269237 3269432
3275237 3275424
3281046 3281278
3287006 3287287
3293053 3293373
3299061 3299325
3305036 3305268
3310934 3311099
3316760 3316875
3322593 3322708
3328463 3328514
3334250 3334256
3340138 3340143
3345798 3345813
3351309 3351382
3356658 3356781
3362060 3362137
3367241 3367354
3372465 3372576
3377824 3378001
3383119 3383339
3388615 3388839
3393956 3394171
3399390 3399601
3404972 3405184
3410561 3410769
3416346 3416624
3422428 3422764
3428528 3428853
3434369 3434692
3439966 3440293
3445709 3446029
3451621 3451950
3457672 3458012
3463664 3463950
3469406 3469687
3475082 3475418
3480742 3481025
3486193 3486466
3491605 3491826
3497064 3497327
3502670 3502964
3508077 3508367
3513273 3513580
3518474 3518776
3523795 3524046
3529119 3529363
3534503 3534789
3539769 3540069
3545240 3545530
3550516 3550759
3555611 3555900
3560931 3561261
3566223 3566596
3571511 3571846
3576621 3577000
3581860 3582196
3587180 3587518
3592481 3592814
3597844 3598185
3603145 3603491
3608671 3609023
3614034 3614380
3619607 3619901
3625315 3625543
3631071 3631307
3636795 3637065
3642335 3642590
3648028 3648330
3653829 3654136
3659639 3659940
3665584 3665881
3671712 3672015
3677964 3678202
3684274 3684511
3690690 3690983
3696960 3697236
3703229 3703511
3709534 3709826
3715697 3716064
3721947 3722353
3728348 3728753
3734978 3735392
3741397 3741799
3748032 3748492
3754773 3755225
3761686 3762085
3768358 3768765
3775024 3775429
3781887 3782244
3788619 3788974
3795130 3795481
3801607 3802025
3808350 3808815
3815010 3815479
3821680 3822190
3828447 3828970
3835304 3835781
3842065 3842583
3848997 3849525
3855838 3856360
3862781 3863347
3869523 3870161
3876398 3877044
3883217 3883902
3889827 3890504
3896460 3897069
3902985 3903641
3909563 3910212
3916174 3916879
3922805 3923553
3929717 3930447
3936809 3937576
3943800 3944564
3950924 3951718
3958232 3958975
3965300 3966100
3972255 3973014
3979190 3979903
3985875 3986589
3992413 3993125
3998699 3999434
4004999 4005663
4011444 4012104
4017800 4018428
4024184 4024812
4030324 4031006
4036345 4037043
4042453 4043102
4048586 4049167
4054464 4055035
4060488 4061063
4066313 4066941
4072284 4072968
4078458 4079165
4084623 4085295
4090829 4091492
4096781 4097392
4102568 4103192
4108449 4109087
4114590 4115210
4120612 4121292
4126715 4127392
4132781 4133457
4138969 4139639
4145340 4146060
4151634 4152340
4157975 4158741
4164521 4165289
4170859 4171642
4176983 4177825
4183380 4184283
4189696 4190603
4196018 4196921
4202468 4203418
4209034 4210033
4215515 4216522
4222018 4223082
4228555 4229613
4235182 4236252
4242055 4243092
4248657 4249693
4255222 4256269
4261875 4262926
4268635 4269677
4275425 4276435
4282005 4282958
4288654 4289557
4295210 4296117
4301928 4302874
4308845 4309799
4315828 4316784
4322652 4323610
4329497 4330400
4336491 4337456
4343485 4344495
4350695 4351728
4357909 4358885
4364914 4365892
4372160 4373180
4379652 4380681
4387017 4388104
4394224 4395312
4401275 4402426
4408457 4409614
4415403 4416569
4422189 4423317
4429146 4430318
4436352 4437533
4443717 4444936
4451260 4452478
4458949 4460112
4466442 4467643
4474121 4475271
4481504 4482652
4488828 4489926
4496110 4497211
4503187 4504224
4510029 4511110
4516997 4518131
4524026 4525103
4531122 4532210
4538278 4539380
4545227 4546319
4552118 4553269
4558926 4560093
4565553 4566762
4572373 4573582
4579210 4580361
4585934 4587135
4592806 4594062
4599827 4601047
4606995 4608214
4614365 4615580
4621555 4622772
4628699 4629967
4635695 4637034
4642544 4643867
4649378 4650746
4656351 4657759
4663352 4664706
4670422 4671780
4677614 4678950
4684867 4686204
4692007 4693298
4699249 4700547
4706608 4707870
4713972 4715218
4721231 4722425
4728387 4729578
4735316 4736540
4742046 4743337
4748982 4750218
4755936 4757106
4762766 4763985
4769823 4771040
4777105 4778329
4784417 4785643
4791829 4793007
4799331 4800507
4806738 4807907
4813941 4815054
4821024 4822179
4827995 4829128
4834772 4835838
4841589 4842654
4848394 4849411
4854961 4856021
4861540 4862610
4868357 4869430
4874938 4876023
4881552 4882692
4887979 4889104
4894291 4895468
4900614 4901791
4906823 4908037
4912937 4914155
4918907 4920179
4924714 4926046
4930422 4931704
4936247 4937530
4942229 4943571
4948423 4949772
4954583 4955984
4960974 4962419
4967581 4969082
4974087 4975584
4980693 4982190
4987444 4988889
4994378 4995831
5001454 5002946
5008371 5009874
5015480 5016974
5022721 5024264
5030126 5031665
5037332 5038909
5044621 5046257
5051938 5053574
5059014 5060637
5066139 5067796
5073317 5074920
5080269 5081873
5087269 5088824
5094144 5095659
5100957 5102473
5107563 5109071
5114111 5115665
5120592 5122158
5127164 5128689
5133616 5135079
5139988 5141441
5146206 5147615
5152352 5153829
5158670 5160138
5164918 5166367
5171190 5172579
5177167 5178614
5182952 5184417
5188753 5190282
5194543 5196028
5200385 5201863
5206183 5207661
5212022 5213485
5217608 5219087
5222963 5224456
5228287 5229734
5233620 5235133
5238906 5240375
5244149 5245618
5249475 5250936
5254828 5256296
5259987 5261451
5265247 5266724
5270378 5271794
5275674 5277085
5280918 5282315
5285921 5287278
5291020 5292364
5296292 5297633
5301654 5302927
5307169 5308380
5312801 5314004
5318222 5319370
5323785 5324929
5329421 5330566
5334866 5336022
5340441 5341611
5345804 5347024
5350989 5352158
5355877 5357061
5360629 5361770
5365432 5366579
5370096 5371243
5374964 5376037
5379785 5380863
5384510 5385609
5389498 5390645
5394728 5395823
5399980 5401066
5405209 5406281
5410284 5411298
5415456 5416512
5420875 5421926
5426452 5427508
5431813 5432876
5436964 5438086
5442019 5443157
5446935 5448065
5452062 5453185
5457309 5458439
5462406 5463512
5467681 5468792
5472737 5473848
5477671 5478784
5482647 5483759
5487489 5488543
5492060 5493056
5496674 5497614
5501390 5502291
5505984 5506894
5510736 5511687
5515328 5516234
5519930 5520791
5524561 5525470
5529425 5530369
5534125 5535035
5538919 5539828
5543565 5544413
5548369 5549211
5552921 5553779
5557665 5558516
5562485 5563315
5567428 5568317
5572510 5573391
5577827 5578724
5583167 5584062
5588591 5589486
5594099 5594944
5599787 5600641
5605451 5606363
5611383 5612299
5617342 5618273
5623301 5624187
5629111 5629985
5635084 5635958
5641250 5642122
5647213 5648133
5653194 5654116
5659256 5660190
5665352 5666275
5671640 5672551
5678085 5679016
5684537 5685472
5690917 5691864
5697374 5698269
5703641 5704577
5709723 5710653
5715572 5716461
5721354 5722244
5727069 5728004
5733046 5733974
5738951 5739874
5745100 5746025
5751245 5752173
5757558 5758490
5763842 5764763
5770209 5771176
5776755 5777717
5783341 5784255
5789806 5790716
5796485 5797449
5803047 5804023
5809606 5810611
5816044 5817087
5822436 5823429
5828959 5829898
5835229 5836133
5841272 5842181
5847474 5848324
5853790 5854640
5860231 5861123
5866853 5867747
5873467 5874349
5880211 5881084
5887101 5887917
5894000 5894825
5900725 5901496
5907503 5908277
5914206 5914978
5920790 5921561
5927486 5928208
5934305 5935031
5941360 5942082
5948634 5949353
5955951 5956659
5963349 5964057
5970647 5971371
5977933 5978703
5985424 5986193
5992843 5993607
6000493 6001213
6007969 6008711
6015340 6016136
6022540 6023288
6029482 6030223
6036421 6037113
6043411 6044102
6050349 6051091
6057214 6057960
6064145 6064884
6071221 6071958
6078430 6079179
6085704 6086502
6092969 6093822
6100523 6101363
6108259 6109098
6115951 6116785
6123658 6124543
6131279 6132170
6138774 6139663
6146163 6147064
6153419 6154314
6160576 6161520
6167636 6168569
6174676 6175608
6181708 6182639
6188986 6189973
6196176 6197103
6203150 6204074
6209886 6210788
6216499 6217395
6222939 6223838
6229323 6230179
6235545 6236400
6241601 6242498
6247471 6248422
6253286 6254239
6258923 6259827
6264572 6265520
6270035 6270993
6275538 6276500
6280993 6281897
6286559 6287501
6291970 6292855
6297533 6298452
6303099 6304075
6308764 6309787
6314258 6315328
6319772 6320764
6325085 6326030
6330434 6331430
6335717 6336705
6341012 6341990
6346507 6347479
6351897 6352876
6357515 6358498
6363373 6364410
6369209 6370292
6375339 6376419
6381300 6382391
6387442 6388497
6393475 6394581
6399432 6400588
6405349 6406536
6411336 6412477
6417338 6418477
6423129 6424280
6428924 6430067
6434707 6435849
6440576 6441661
6446266 6447413
6452062 6453153
6457851 6458882
6463573 6464557
6469321 6470314
6474936 6475921
6480328 6481339
6485586 6486580
6490860 6491907
6496382 6497433
6502100 6503108
6507929 6508938
6513934 6514941
6519855 6520865
6525911 6526857
6531724 6532670
6537569 6538505
6543443 6544383
6549286 6550220
6555113 6556038
6561070 6561956
6567103 6567999
6573290 6574233
6579601 6580538
6585718 6586657
6591594 6592525
6597498 6598408
6603386 6604304
6609162 6610130
6614937 6615858
6620733 6621733
6626807 6627767
6632981 6633935
6639353 6640368
6645649 6646635
6651836 6652878
6658244 6659282
6664458 6665495
6670507 6671561
6676680 6677793
6682981 6684087
6689258 6690340
6695586 6696604
6701644 6702593
6707541 6708502
6713436 6714366
6719232 6720169
6725137 6726075
6731077 6731955
6737003 6737891
6742811 6743705
6748648 6749541
6754522 6755412
6760455 6761341
6766573 6767393
6772445 6773275
6778210 6779090
6783961 6784835
6789457 6790400
6795192 6796121
6800721 6801687
6806093 6807066
6811371 6812352
6816735 6817673
6821943 6822939
6827398 6828434
6833063 6834058
6838698 6839691
6844421 6845367
6850303 6851232
6856033 6856956
6861929 6862868
6867845 6868769
6873893 6874827
6879928 6880804
6885877 6886802
6892091 6892966
6898249 6899074
6904375 6905208
6910732 6911550
6917162 6918030
6923681 6924521
6930175 6930975
6936741 6937492
6943278 6943980
6949681 6950418
6956080 6956813
6962619 6963287
6969205 6969862
6975809 6976467
6982399 6983004
6988818 6989396
6995054 6995592
7001335 7001897
7007889 7008457
7014633 7015261
7021298 7021905
7027720 7028331
7033989 7034604
7040020 7040578
7045789 7046298
7051473 7051925
7057072 7057567
7062790 7063334
7068509 7069112
7074069 7074624
7079722 7080279
7085217 7085711
7090522 7090957
7095804 7096230
7101245 7101677
7106821 7107184
7112299 7112661
7117806 7118206
7123311 7123724
7128930 7129340
7134689 7135049
7140436 7140808
7146335 7146701
7152288 7152707
7158439 7158855
7164624 7165052
7170734 7171161
7176749 7177163
7182697 7183166
7188916 7189400
7195326 7195821
7201945 7202449
7208341 7208801
7214687 7215135
7220898 7221358
7227153 7227618
7233182 7233599
7239323 7239696
7245560 7245934
7251843 7252161
7258254 7258633
7264773 7265144
7271392 7271771
7277930 7278352
7284294 7284720
7290647 7291027
7297176 7297605
7303555 7303981
7310004 7310438
7316488 7316929
7322909 7323356
7329568 7330057
7336366 7336859
7343328 7343884
7350602 7351204
7357891 7358429
7364883 7365368
7371689 7372101
7378254 7378679
7385065 7385500
7391705 7392141
7398245 7398681
7404930 7405372
7411579 7412029
7417992 7418496
7424519 7425020
7431271 7431765
7438237 7438768
7445076 7445608
7451669 7452153
7458303 7458775
7465070 7465580
7471847 7472338
7478668 7479210
7485540 7486094
7492561 7493070
7499312 7499820
7506073 7506628
7512966 7513480
7519574 7520136
7526164 7526731
7532826 7533390
7539352 7539925
7545674 7546248
7551996 7552561
7558207 7558713
7564130 7564647
7570278 7570836
7576343 7576906
7582578 7583170
7588953 7589597
7595531 7596173
7602319 7602951
7609288 7609973
7616475 7617159
7623797 7624473
7630910 7631540
7637881 7638456
7644581 7645107
7651020 7651595
7657550 7658071
7663787 7664307
7669942 7670418
7676020 7676503
7682314 7682795
7688746 7689264
7695351 7695869
7701937 7702456
7708445 7709010
7714881 7715371
7721415 7721896
7727847 7728346
7734419 7734971
7741149 7741749
7747797 7748449
7754486 7755084
7761026 7761627
7767538 7768197
7774087 7774787
7780744 7781497
7787591 7788285
7794535 7795197
7801396 7802044
7808249 7808946
7815271 7815919
7822106 7822756
7828731 7829445
7835660 7836369
7842498 7843155
7849240 7849898
7855892 7856611
7862715 7863440
7869750 7870484
7876915 7877652
7884186 7884865
7891317 7892007
7898454 7899080
7905735 7906413
7913199 7913932
7920825 7921616
7928590 7929378
7936243 7937037
7944039 7944835
7951713 7952475
7959595 7960407
7967649 7968424
7975693 7976405
7983688 7984404
7991737 7992510
7999892 8000659
8007793 8008522
8015715 8016444
8023487 8024274
8031475 8032200
8039174 8039913
8046924 8047700
8054724 8055445
8062268 8063058
8069832 8070591
8077211 8077981
8084706 8085474
8092381 8093200
8100318 8101094
8108414 8109213
8116319 8117124
8124329 8125131
8132257 8133000
8139929 8140619
8147378 8148068
8154599 8155244
8161718 8162385
8168710 8169389
8175564 8176233
8182165 8182873
8188880 8189577
8195586 8196292
8202305 8203016
8208984 8209686
8215471 8216116
8221783 8222432
8228136 8228739
8234399 8234947
8240644 8241192
8246844 8247419
8253197 8253707
8259617 8260183
8265866 8266422
8272345 8272894
8278908 8279443
8285332 8285915
8291884 8292464
8298239 8298770
8304733 8305302
8311346 8311909
8317774 8318394
8324044 8324667
8330136 8330725
8336184 8336732
8342217 8342797
8348530 8349113
8354657 8355238
8360711 8361286
8366872 8367395
8372880 8373410
8379129 8379717
8385561 8386150
8391885 8392466
8398273 8398859
8404781 8405381
8411329 8411964
8417914 8418525
8424526 8425082
8431186 8431797
8437754 8438431
8444255 8444977
8450959 8451666
8457756 8458456
8464528 8465274
8471449 8472253
8478378 8479181
8485163 8485965
8492040 8492892
8498812 8499662
8505475 8506277
8512120 8512936
8518835 8519654
8525525 8526404
8532276 8533205
8539030 8539909
8545491 8546380
8551879 8552712
8557964 8558765
8563871 8564619
8569746 8570453
8575337 8576096
8581227 8581996
8586970 8587741
8592935 8593656
8598944 8599627
8605005 8605739
8611238 8612035
8617554 8618412
8623801 8624611
8630028 8630827
8636438 8637224
8642774 8643550
8648876 8649697
8655101 8655980
8661528 8662345
8667802 8668630
8673898 8674680
8679981 8680699
8685859 8686628
8691853 8692613
8697837 8698602
8703796 8704577
8709637 8710472
8715409 8716304
8721066 8722005
8726581 8727517
8732058 8732954
8737602 8738557
8743061 8744019
8748659 8749624
8754075 8755041
8759560 8760519
8765278 8766276
8771263 8772286
8777115 8778207
8782810 8783949
8788500 8789580
8794372 8795407
8800440 8801408
8806299 8807263
8812375 8813356
8818308 8819359
8824410 8825430
8830601 8831568
8836519 8837489
8842384 8843358
8848432 8849413
8854437 8855464
8860657 8861677
8866799 8867826
8873041 8874065
8879221 8880197
8885435 8886455
8891499 8892457
8897444 8898465
8903669 8904739
8909922 8910939
8916306 8917375
8922701 8923811
8929062 8930174
8935598 8936707
8941917 8943022
8948032 8949096
8954296 8955364
8960461 8961530
8966412 8967486
8972224 8973351
8978243 8979366
8984078 8985198
8990158 8991276
8996209 8997352
9002297 9003395
9008309 9009368
9014388 9015394
9020424 9021433
9026510 9027511
9032403 9033409
9038518 9039530
9044807 9045827
9050995 9052001
9057121 9058064
9063309 9064308
9069606 9070594
9076030 9076972
9082657 9083596
9089357 9090343
9096274 9097271
9103276 9104224
9110165 9111080
9116913 9117823
9123611 9124528
9130123 9131048
9136480 9137417
9142813 9143752
9149096 9150047
9155442 9156397
9161662 9162570
9167654 9168501
9173781 9174592
9180027 9180884
9186262 9187130
9192300 9193107
9198480 9199303
9204767 9205521
9210932 9211693
9217069 9217885
9223492 9224268
9229753 9230535
9235789 9236575
9241735 9242510
9247893 9248679
9253945 9254773
9259968 9260735
9265773 9266546
9271722 9272508
9277617 9278359
9283342 9284095
9289266 9290060
9295115 9295915
9300970 9301720
9306618 9307389
9312182 9312941
9317776 9318516
9323415 9324143
9329180 9329957
9334792 9335531
9340469 9341170
9346129 9346829
9351852 9352580
9357706 9358428
9363544 9364279
9369280 9370015
9375028 9375757
9380911 9381621
9386725 9387435
9392352 9393010
9398152 9398745
9403716 9404308
9409171 9409751
9414528 9415168
9419834 9420531
9425418 9426077
9430970 9431632
9436518 9437167
9441993 9442582
9447603 9448200
9453229 9453807
9458643 9459277
9464347 9464978
9470286 9470914
9476457 9477032
9482821 9483381
9489009 9489571
9495259 9495834
9501667 9502248
9507997 9508585
9514447 9515064
9520929 9521541
9527492 9528103
9534157 9534713
9540789 9541402
9547236 9547902
9553768 9554493
9560200 9560873
9566510 9567185
9572937 9573566
9579476 9580107
9586082 9586699
9592797 9593406
9599588 9600179
9606573 9607158
9613707 9614237
9620823 9621359
9627838 9628422
9634717 9635242
9641736 9642218
9648920 9649401
9656132 9656620
9663490 9663982
9670788 9671287
9677901 9678352
9684865 9685326
9691741 9692254
9698673 9699179
9705632 9706135
9712622 9713090
9719343 9719804
9725896 9726305
9732635 9733028
9739567 9739903
9746652 9747031
9753711 9754091
9760954 9761316
9768047 9768412
9774908 9775271
9781661 9781966
9788436 9788738
9795061 9795341
9801643 9801928
9807999 9808336
9814381 9814785
9820783 9821130
9826931 9827317
9833236 9833562
9839650 9840024
9845958 9846377
9852560 9852991
9859218 9859600
9866034 9866413
9873042 9873415
9879799 9880130
9886420 9886753
9893256 9893653
9900248 9900609
9907374 9907747
9914381 9914783
9921576 9921967
9928862 9929253
9936345 9936726
9943940 9944311
9951663 9952107
9959257 9959753
9966806 9967353
9974185 9974773
9981810 9982397
9989286 9989871
9996671 9997288
10003959 10004576
10011128 10011755
10018275 10018860
10025482 10026073
10032710 10033343
10040171 10040801
10047490 10048119
10054677 10055259
10061894 10062453
10068872 10069501
10075900 10076515
10082814 10083485
10089884 10090492
10096929 10097552
10103794 10104466
10110713 10111399
10117489 10118164
10124364 10124995
10131050 10131639
10137597 10138124
10144078 10144611
10150575 10151115
10157099 10157695
10163780 10164367
10170374 10170997
10177189 10177756
10184054 10184611
10190810 10191361
10197791 10198347
10204759 10205270
10211911 10212360
10219173 10219637
10226257 10226671
10233124 10233491
10239820 10240183
10246281 10246696
10252718 10253170
10259110 10259602
10265364 10265864
10271853 10272360
10278365 10278878
10284679 10285190
10290872 10291419
10297234 10297770
10303515 10303986
10309544 10309962
10315303 10315670
10321227 10321648
10327324 10327686
10333384 10333800
10339491 10339859
10345723 10346100
10351825 10352167
10358059 10358407
10364181 10364527
10370500 10370854
10376607 10377011
10382613 10383022
10388794 10389139
10394996 10395387
10401372 10401754
10407707 10408049
10414084 10414433
10420437 10420786
10426793 10427204
10433265 10433674
10439702 10440109
10446147 10446555
10452634 10452978
10459065 10459418
10465729 10466147
10472677 10473094
10479792 10480206
10487010 10487427
10494145 10494585
10501190 10501673
10508112 10508655
10515206 10515704
10522396 10522953
10529727 10530290
10537115 10537683
10544340 10544970
10551594 10552227
10558887 10559517
10566046 10566662
10573048 10573710
10579858 10580516
10586723 10587432
10593546 10594253
10600126 10600823
10606824 10607485
10613237 10613893
10619772 10620502
10626599 10627332
10633477 10634275
10640602 10641351
10647795 10648496
10654800 10655552
10661856 10662608
10668888 10669628
10675717 10676452
10682669 10683339
10689667 10690329
10696757 10697483
10703699 10704476
10710912 10711689
10718276 10719054
10725510 10726286
10732701 10733441
10739775 10740514
10746809 10747596
10753957 10754752
10760909 10761669
10767767 10768602
10774721 10775604
10781924 10782852
10789349 10790230
10796607 10797537
10803859 10804793
10811163 10812104
10818347 10819339
10825573 10826571
10832718 10833756
10839958 10840945
10846976 10847964
10853943 10854928
10860965 10861954
10867830 10868879
10874522 10875632
10881142 10882311
10888066 10889226
10894735 10895867
10901468 10902607
10908352 10909451
10914957 10916009
10921712 10922827
10928281 10929465
10934937 10936168
10941889 10943161
10948637 10949900
10955349 10956618
10961976 10963234
10968595 10969844
10975224 10976481
10981831 10983130
10988331 10989638
10994641 10995898
11000811 11002108
11006884 11008175
11012757 11014050
11018703 11019999
11024421 11025674
11030302 11031501
11036370 11037619
11042485 11043715
11048516 11049735
11054777 11055988
11061179 11062385
11067612 11068829
11074079 11075354
11080824 11082143
11087458 11088778
11094281 11095605
11101196 11102464
11108164 11109475
11114957 11116229
11121576 11122810
11128248 11129554
11134793 11136094
11141411 11142719
11148169 11149520
11155008 11156322
11161827 11163090
11168636 11169838
11175365 11176522
11182060 11183234
11188578 11189802
11195000 11196223
11201414 11202634
11207905 11209082
11214115 11215299
11220261 11221402
11226232 11227321
11231999 11233158
11237659 11238864
11243117 11244355
11248692 11249931
11254158 11255331
11259545 11260665
11264947 11266060
11270302 11271408
11275466 11276625
11280510 11281731
11285599 11286824
11290924 11292180
11296267 11297482
11301694 11302876
11307036 11308255
11312284 11313500
11317452 11318684
11322482 11323698
11327578 11328854
11332751 11334070
11337962 11339273
11343192 11344508
11348619 11349925
11353809 11355055
11358926 11360179
11364012 11365278
11369218 11370427
11374479 11375627
11379630 11380772
11384596 11385804
11389779 11391048
11394831 11396099
11400083 11401295
11405515 11406751
11411092 11412329
11416836 11418067
11422746 11423968
11428660 11429877
11434420 11435603
11440154 11441278
11445733 11446858
11451301 11452428
11456697 11457858
11461938 11463096
11467127 11468328
11472475 11473669
11477993 11479186
11483478 11484606
11488893 11490012
11494151 11495274
11499409 11500533
11504891 11506068
11510401 11511582
11515830 11517013
11521414 11522603
11526985 11528183
11532436 11533635
11537736 11538969
11542855 11544051
11548110 11549301
11553562 11554707
11559038 11560133
11564481 11565530
11569842 11570893
11575346 11576364
11580772 11581731
11586264 11587221
11591945 11592908
11597740 11598747
11603487 11604482
11609461 11610474
11615594 11616561
11621613 11622624
11627555 11628518
11633367 11634264
11639143 11640036
11644860 11645803
11650393 11651284
11656026 11656883
11661412 11662253
11666762 11667548
11671936 11672662
11677255 11677929
11682583 11683243
11687977 11688643
11693415 11694075
11698786 11699406
11704311 11704995
11709999 11710624
11715481 11716159
11721080 11721755
11726682 11727288
11732257 11732866
11737865 11738534
11743752 11744410
11749704 11750334
11755867 11756435
11762098 11762666
11768529 11769155
11774921 11775533
11781136 11781801
11787212 11787879
11793420 11794080
11799732 11800410
11806176 11806806
11812404 11813024
11818535 11819107
11824378 11824887
11830194 11830750
11835855 11836405
11841748 11842342
11847515 11848118
11853467 11854068
11859470 11860071
11865657 11866307
11872138 11872778
11878523 11879215
11885143 11885832
11891775 11892521
11898596 11899360
11905445 11906203
11912327 11913021
11919236 11919986
11926056 11926848
11932904 11933680
11939542 11940321
11946333 11947129
11952992 11953726
11959812 11960582
11966606 11967414
11973684 11974499
11980827 11981594
11988125 11988900
11995479 11996310
12002930 12003759
12010605 12011478
12018238 12019163
12025932 12026917
12033458 12034380
12040730 12041658
12047799 12048674
12054847 12055765
12061727 12062642
12068583 12069541
12075648 12076525
12082479 12083358
12089109 12089975
12095974 12096772
12102798 12103599
12109516 12110371
12116531 12117391
12123773 12124649
12131033 12131914
12138407 12139285
12145768 12146681
12152939 12153853
12160041 12160996
12166958 12167970
12173761 12174772
12180666 12181714
12187406 12188413
12193936 12194949
12200592 12201549
12207309 12208265
12214130 12215139
12221228 12222237
12228092 12229153
12235240 12236245
12242166 12243140
12249233 12250194
12256268 12257187
12263193 12264070
12270283 12271208
12277390 12278322
12284334 12285315
12291366 12292332
12298329 12299254
12305330 12306257
12312378 12313365
12319286 12320274
12326341 12327364
12333206 12334217
12339844 12340924
12346631 12347707
12353311 12354384
12360156 12361191
12366943 12367985
12373809 12374847
12380689 12381784
12387547 12388652
12394237 12395304
12400761 12401790
12407118 12408153
12413318 12414410
12419799 12420884
12426023 12427052
12432152 12433238
12438402 12439445
12444675 12445683
12450946 12451943
12457202 12458208
12463446 12464452
12469809 12470821
12476211 12477283
12482763 12483890
12489190 12490374
12495537 12496714
12502025 12503269
12508753 12509999
12515658 12516901
12522594 12523887
12529748 12531039
12536933 12538264
12544054 12545435
12551395 12552769
12558526 12559887
12565772 12567091
12573032 12574357
12580281 12581604
12587647 12588989
12595063 12596377
12602243 12603564
12609409 12610758
12616398 12617702
12623372 12624721
12630180 12631477
12637136 12638431
12644214 12645572
12651211 12652556
12658314 12659664
12665348 12666735
12672351 12673790
12679404 12680904
12686314 12687764
12693157 12694665
12699945 12701396
12706427 12707884
12712984 12714489
12719764 12721219
12726396 12727862
12733055 12734466
12739413 12740786
12745690 12747000
12751703 12752973
12757502 12758724
12763150 12764303
12768934 12770070
12774462 12775563
12779951 12781051
12785376 12786477
12790641 12791729
12795903 12796985
12801172 12802316
12806262 12807346
12811138 12812165
12816194 12817277
12821458 12822543
12826866 12827906
12832241 12833337
12837861 12839000
12843724 12844816
12849415 12850512
12855135 12856274
12860840 12861978
12866374 12867564
12871822 12873038
12877296 12878513
12882633 12883808
12888063 12889306
12893370 12894660
12898671 12899905
12904136 12905424
12909758 12911046
12915357 12916694
12921226 12922545
12927215 12928565
12933107 12934446
12939202 12940544
12945419 12946748
12951731 12953065
12958084 12959405
12964479 12965811
12970701 12972021
12976880 12978198
12983164 12984546
12989658 12991046
12996053 12997391
13002518 13003924
13009025 13010375
13015455 13016797
13021720 13023057
13028021 13029363
13034208 13035544
13040353 13041738
13046615 13048043
13052970 13054403
13059226 13060658
13065613 13067060
13071887 13073284
13077994 13079339
13084237 13085540
13090530 13091843
13096911 13098222
13103222 13104592
13109774 13111214
13116254 13117686
13122562 13124001
13129108 13130485
13135783 13137158
13142531 13143954
13149304 13150675
13156203 13157635
13163109 13164538
13169937 13171378
13176888 13178275
13183935 13185362
13191046 13192467
13198392 13199768
13205717 13207151
13212894 13214380
13220124 13221614
13227432 13228966
13235008 13236486
13242345 13243768
13249735 13251116
13257299 13258732
13265155 13266540
13273115 13274566
13280917 13282391
13288627 13290157
13296453 13298047
13304451 13305992
13312477 13313974
13320518 13321958
13328735 13330217
13336844 13338378
13344809 13346340
13352906 13354449
13360839 13362372
13368787 13370267
13376528 13378003
13384352 13385871
13392007 13393532
13399459 13401031
13406940 13408468
13414583 13416105
13422358 13423880
13429958 13431482
13437662 13439129
13445520 13447040
13453293 13454864
13460968 13462547
13468828 13470409
13476752 13478352
13484506 13486042
13492009 13493550
13499616 13501092
13507140 13508562
13514459 13515825
13521806 13523165
13528998 13530352
13536275 13537635
13543634 13545050
13551201 13552568
13558494 13559857
13565766 13567129
13572851 13574203
13580065 13581478
13587095 13588512
13593992 13595465
13600781 13602195
13607657 13609074
13614297 13615772
13621149 13622636
13628031 13629519
13635083 13636615
13642250 13643740
13649301 13650823
13656225 13657791
13663071 13664590
13669854 13671367
13676708 13678274
13683797 13685358
13690838 13692352
13697583 13699079
13704413 13705881
13711334 13712805
13718264 13719740
13725029 13726447
13731757 13733171
13738576 13740040
13745352 13746850
13752411 13753910
13759521 13761059
13766568 13768053
13773579 13775101
13780626 13782122
13787842 13789339
13794854 13796344
13801637 13803053
13808412 13809884
13815088 13816572
13821628 13823115
13827936 13829404
13834397 13835864
13840998 13842484
13847822 13849277
13854436 13855914
13861137 13862616
13867758 13869247
13874488 13875936
13881304 13882808
13888378 13889880
13895374 13896876
13902334 13903787
13909351 13910763
13916372 13917794
13923478 13924911
13930677 13932084
13937980 13939392
13945430 13946888
13952897 13954351
13960175 13961621
13967593 13969100
13974835 13976334
13982000 13983506
13988932 13990443
13995803 13997364
14002679 14004285
14009701 14011306
14016932 14018504
14024215 14025831
14031335 14032923
14038529 14040163
14045698 14047290
14052954 14054538
14059995 14061583
14066850 14068444
14073865 14075462
14080897 14082527
14088113 14089707
14095085 14096694
14101841 14103458
14108470 14110038
14115109 14116644
14121538 14123133
14127967 14129548
14134201 14135781
14140634 14142165
14146900 14148435
14152923 14154454
14159041 14160545
14165276 14166718
14171586 14173020
14177815 14179254
14184174 14185665
14190507 14192005
14196725 14198220
14203088 14204579
14209300 14210857
14215477 14217016
14221644 14223189
14227924 14229421
14234143 14235640
14240527 14242073
14246902 14248446
14253426 14255023
14259767 14261310
14266051 14267613
14272491 14274052
14278698 14280263
14284888 14286445
14290844 14292440
14297061 14298613
14303116 14304686
14308964 14310526
14314555 14316070
14320141 14321629
14325686 14327168
14331053 14332584
14336363 14337892
14341795 14343321
14347218 14348738
14352744 14354190
14358060 14359552
14363275 14364763
14368249 14369789
14373314 14374810
14378575 14380059
14383836 14385332
14389315 14390807
14394650 14396127
14399792 14401201
14404981 14406336
14410302 14411698
14415459 14416862
14420711 14422080
14426056 14427464
14431384 14432786
14436675 14438090
14441933 14443300
14446959 14448320
14451875 14453291
14457075 14458481
14462278 14463684
14467598 14468977
14472799 14474166
14477873 14479278
14482777 14484239
14487942 14489448
14493019 14494510
14498181 14499664
14503143 14504624
14507955 14509376
14512459 14513843
14516679 14518107
14520902 14522288
14525100 14526496
14529335 14530741
14533370 14534798
14537381 14538799
14541394 14542808
14545391 14546811
14549259 14550646
14552975 14554316
14556715 14557993
14560619 14561853
14564521 14565712
14568392 14569591
14572247 14573458
14576250 14577488
14580213 14581461
14584306 14585553
14588260 14589463
14592194 14593475
14595971 14597262
14599878 14601228
14604083 14605421
14608148 14609435
14612285 14613626
14616560 14617944
14620737 14622121
14625051 14626446
14629186 14630628
14633565 14635010
14637783 14639225
14641819 14643254
14646091 14647517
14650308 14651756
14654653 14656133
14658935 14660431
14663345 14664882
14667698 14669225
14672085 14673660
14676499 14678016
14681056 14682576
14685710 14687188
14690224 14691693
14694506 14696029
14698823 14700356
14703197 14704718
14707769 14709314
14712502 14714054
14717456 14719053
14722393 14723979
14727568 14729197
14732874 14734513
14738219 14739919
14743608 14745266
14749058 14750774
14754400 14756109
14759609 14761356
14764849 14766593
14770143 14771899
14775483 14777236
14780867 14782673
14786452 14788315
14791961 14793829
14797264 14799117
14802652 14804447
14807973 14809769
14813067 14814804
14818064 14819866
14823348 14825224
14828869 14830746
14834416 14836301
14840152 14842049
14845919 14847821
14851732 14853635
14857669 14859626
14863889 14865850
14870229 14872180
14876423 14878425
14882477 14884484
14888651 14890584
14894521 14896502
14900660 14902641
14906686 14908675
14912567 14914595
14918340 14920372
14924310 14926295
14930213 14932219
14936190 14938114
14941871 14943792
14947678 14949562
14953601 14955534
14959442 14961373
14965516 14967490
14971422 14973339
14977119 14979081
14982963 14984877
14988963 14990917
14995234 14997201
15001631 15003540
15008154 15010114
15014580 15016550
15020975 15022953
15027600 15029576
15034162 15036202
15040566 15042622
15046910 15048908
15053304 15055290
15059576 15061514
15065777 15067681
15072009 15073910
15078309 15080209
15084465 15086351
15090455 15092385
15096459 15098443
15102458 15104461
15108412 15110423
15114181 15116183
15119794 15121804
15125490 15127491
15131252 15133320
15137287 15139401
15143338 15145396
15149276 15151375
15155237 15157309
15161091 15163157
15166719 15168793
15172151 15174280
15177561 15179726
15183123 15185351
15188945 15191126
15194697 15196876
15200469 15202648
15206143 15208311
15211584 15213804
15217225 15219390
15222584 15224807
15228211 15230379
15233842 15235965
15239351 15241513
15244960 15247187
15250729 15252965
15256392 15258633
15262220 15264457
15268173 15270343
15273912 15276086
15279491 15281668
15284974 15287154
15290485 15292627
15295746 15297885
15301188 15303271
15306511 15308594
15311843 15313929
15317051 15319080
15322175 15324177
15327356 15329406
15332418 15334523
15337491 15339597
15342437 15344541
15347420 15349485
15352459 15354520
15357727 15359799
15362814 15364890
15367836 15369895
15372672 15374793
15377662 15379729
15382577 15384589
15387601 15389660
15392495 15394552
15397308 15399412
15402269 15404368
15407185 15409318
15411997 15414105
15416765 15418819
15421499 15423550
15426233 15428220
15431102 15433141
15436048 15438076
15441133 15443156
15446044 15448056
15450719 15452692
15455288 15457194
15459942 15461850
15464436 15466342
15468855 15470749
15473290 15475125
15477905 15479676
15482376 15484188
15486866 15488725
15491366 15493188
15496041 15497856
15500802 15502627
15505355 15507138
15509652 15511376
15513788 15515473
15518043 15519696
15522331 15523933
15526497 15528047
15530642 15532231
15534717 15536291
15538840 15540422
15543059 15544608
15547221 15548771
15551306 15552903
15555653 15557325
15560180 15561912
15564690 15566457
15569382 15571202
15573993 15575813
15578404 15580241
15582631 15584514
15586916 15588802
15591079 15593019
15595468 15597480
15600153 15602219
15604885 15606902
15609424 15611512
15614160 15616249
15618669 15620773
15623188 15625291
15627652 15629749
15631945 15634046
15636387 15638504
15640760 15642947
15645172 15647358
15649716 15651894
15654487 15656655
15659379 15661501
15664282 15666445
15669175 15671382
15674036 15676259
15678770 15680942
15683390 15685574
15688236 15690417
15693166 15695359
15697916 15700152
15702597 15704831
15707345 15709592
15712103 15714394
15716762 15719009
15721608 15723858
15726371 15728615
15731158 15733409
15735802 15738055
15740638 15742957
15745362 15747670
15749953 15752196
15754421 15756659
15758875 15761113
15763325 15765540
15767920 15770149
15772613 15774774
15777352 15779468
15782075 15784243
15787079 15789306
15792372 15794642
15797909 15800142
15803264 15805497
15808498 15810789
15813898 15816201
15819466 15821715
15825009 15827195
15830525 15832677
15835856 15837957
15841365 15843476
15846709 15848820
15851944 15854074
15857268 15859337
15862445 15864575
15867486 15869615
15872731 15874919
15877946 15880094
15883170 15885358
15888326 15890479
15893655 15895812
15899169 15901282
15904575 15906691
15909741 15911808
15914894 15916898
15919975 15921945
15925251 15927222
15930398 15932323
15935299 15937163
15940381 15942183
15945204 15946984
15949851 15951615
15954270 15956038
15958515 15960318
15962941 15964745
15967158 15968963
15971174 15972925
15975355 15977111
15979501 15981198
15983771 15985484
15988254 15989963
15992601 15994299
15996723 15998412
16000823 16002513
16005075 16006772
16009251 16010884
16013147 16014774
16016921 16018546
16020637 16022260
16024282 16025925
16028133 16029767
16031886 16033527
16035541 16037134
16039374 16040913
16043338 16044922
16047211 16048799
16051139 16052670
16055245 16056830
16059423 16061033
16063409 16064978
16067484 16069093
16071686 16073304
16075908 16077492
16080119 16081702
16084351 16085939
16088826 16090466
16093383 16095034
16097829 16099436
16102201 16103759
16106346 16107900
16110440 16111993
16114689 16116244
16119072 16120627
16123448 16124966
16127569 16129074
16131524 16133081
16135452 16137009
16139539 16141090
16143494 16145001
16147210 16148748
16150996 16152575
16154749 16156317
16158393 16159956
16162027 16163544
16165643 16167220
16169545 16171113
16173326 16174887
16176975 16178536
16180859 16182475
16184811 16186380
16188540 16190114
16192314 16193885
16196006 16197583
16199944 16201520
16204049 16205683
16208072 16209703
16212275 16213897
16216602 16218160
16220915 16222469
16225060 16226610
16229049 16230551
16233121 16234572
16236930 16238395
16240510 16242022
16244345 16245875
16247975 16249491
16251800 16253324
16255581 16257160
16259330 16260856
16263166 16264688
16266794 16268311
16270648 16272173
16274375 16275898
16278176 16279646
16281825 16283301
16285299 16286789
16288778 16290318
16292527 16294037
16296350 16297864
16300007 16301466
16303454 16304904
16306944 16308443
16310446 16311906
16313744 16315269
16317036 16318570
16320386 16321972
16323649 16325241
16326748 16328363
16329620 16331236
16332579 16334148
16335538 16337088
16338652 16340191
16341848 16343438
16345163 16346746
16348705 16350295
16352360 16353955
16355983 16357575
16359394 16360950
16362895 16364400
16366101 16367609
16369497 16371005
16373010 16374517
16376491 16377951
16379893 16381384
16383093 16384625
16386086 16387667
16389193 16390776
16392202 16393786
16395393 16396911
16398411 16399928
16401324 16402905
16404133 16405729
16407149 16408743
16410214 16411814
16413483 16415085
16416930 16418527
16420379 16421976
16423876 16425437
16427523 16429120
16431269 16432908
16435165 16436843
16439145 16440771
16442836 16444469
16446388 16448010
16449962 16451594
16453535 16455210
16456971 16458647
16460258 16461892
16463652 16465285
16467117 16468723
16470593 16472197
16473989 16475590
16477495 16479147
16480944 16482591
16484199 16485855
16487273 16488938
16490571 16492245
16493845 16495508
16497016 16498682
16500024 16501641
16503155 16504768
16506316 16507883
16509569 16511145
16513015 16514638
16516404 16518033
16519961 16521575
16523299 16524932
16526494 16528127
16529627 16531249
16532852 16534475
16535915 16537575
16538850 16540559
16541940 16543652
16545241 16547002
16548477 16550204
16551648 16553315
16554797 16556467
16557729 16559395
16560871 16562487
16564209 16565778
16567403 16568967
16570506 16572005
16573616 16575083
16576482 16577962
16579214 16580700
16581918 16583452
16584635 16586125
16587399 16588905
16590345 16591848
16593293 16594858
16596274 16597787
16599362 16600827
16602552 16604065
16605758 16607279
16609081 16610605
16612159 16613646
16615037 16616486
16617840 16619303
16620577 16621987
16623268 16624731
16625978 16627369
16628813 16630200
16631796 16633177
16634891 16636270
16637758 16639150
16640775 16642167
16643965 16645362
16647143 16648538
16650422 16651886
16653831 16655284
16657458 16658961
16661075 16662586
16664575 16666080
16668065 16669576
16671449 16672993
16674807 16676303
16677904 16679445
16680837 16682351
16683567 16685026
16686010 16687522
16688685 16690174
16691178 16692623
16693610 16695096
16696156 16697650
16698815 16700360
16701448 16703038
16704280 16705867
16706934 16708568
16709812 16711511
16712574 16714261
16715261 16716896
16717727 16719414
16720020 16721716
16722296 16723987
16724346 16726041
16726519 16728289
16728985 16730810
16731678 16733444
16734208 16735972
16736975 16738680
16739790 16741485
16742700 16744433
16745499 16747287
16748292 16750038
16751245 16752921
16753941 16755669
16756547 16758273
16759146 16760915
16761914 16763704
16764549 16766342
16767192 16768979
16770035 16771835
16772674 16774422
16775020 16776761
16777350 16779082
16779481 16781194
16781798 16783509
16783961 16785669
16786249 16788026
16788701 16790419
16791021 16792732
16793308 16794969
16795595 16797251
16798056 16799767
16800453 16802165
16802860 16804581
16805331 16807055
16807623 16809348
16809726 16811414
16811938 16813671
16814092 16815851
16816347 16818059
16818561 16820313
16820926 16822750
16823214 16825035
16825630 16827491
16828222 16830122
16830771 16832619
16833267 16835169
16835810 16837713
16838483 16840377
16841106 16843005
16843585 16845463
16845876 16847755
16848190 16850023
16850555 16852318
16853035 16854793
16855294 16856995
16857409 16859103
16859379 16861014
16861079 16862697
16862938 16864530
16864837 16866382
16866591 16868188
16868470 16870075
16870369 16871919
16872145 16873758
16873991 16875659
16876128 16877786
16878484 16880081
16880680 16882325
16882868 16884510
16884863 16886506
16886703 16888384
16888718 16890446
16890585 16892313
16892442 16894220
16894241 16896029
16896070 16897855
16897881 16899671
16899917 16901709
16902160 16903911
16904546 16906260
16906945 16908709
16909313 16911070
16911569 16913313
16913572 16915372
16915624 16917489
16917914 16919751
16920155 16921980
16922533 16924313
16924973 16926796
16927351 16929229
16929840 16931684
16932146 16934010
16934399 16936210
16936710 16938584
16938933 16940759
16941228 16943003
16943364 16945127
16945483 16947246
16947829 16949533
16950024 16951719
16952073 16953776
16954066 16955703
16955887 16957561
16957749 16959477
16959740 16961420
16961697 16963329
16963533 16965196
16965337 16966991
16967149 16968851
16969252 16970996
16971347 16973043
16973438 16975185
16975695 16977499
16977767 16979561
16979590 16981325
16981400 16983137
16983337 16985083
16985202 16986913
16986939 16988697
16988894 16990596
16990618 16992322
16992370 16994135
16994374 16996092
16996146 16997868
16997961 16999721
16999996 17001774
17002062 17003845
17004112 17005893
17005913 17007708
17007726 17009540
17009642 17011451
17011469 17013230
17013330 17015073
17015412 17017151
17017507 17019258
17019711 17021455
17021754 17023496
17023862 17025594
17025827 17027558
17027949 17029717
17030169 17031935
17032558 17034271
17035082 17036804
17037495 17039170
17039946 17041604
17042395 17044036
17044903 17046545
17047355 17048950
17049803 17051391
17052262 17053901
17054860 17056542
17057594 17059264
17060167 17061800
17062786 17064462
17065402 17067078
17068202 17069936
17071271 17073020
17074379 17076122
17077381 17079124
17080214 17081955
17083281 17085015
17086406 17088213
17089716 17091567
17093309 17095088
17096675 17098526
17099988 17101839
17103342 17105246
17106792 17108646
17110341 17112194
17114055 17115953
17118014 17119904
17121906 17123802
17125927 17127785
17129974 17131881
17134209 17136052
17138450 17140304
17142552 17144456
17146737 17148649
17151132 17152986
17155419 17157225
17159464 17161279
17163301 17165173
17167113 17168980
17171012 17172927
17174791 17176705
17178793 17180691
17182634 17184529
17186377 17188217
17190041 17191877
17193896 17195780
17197977 17199788
17202194 17204039
17206563 17208398
17211059 17212910
17215372 17217235
17219916 17221836
17224579 17226531
17229458 17231355
17234126 17236088
17238685 17240701
17243511 17245565
17248435 17250497
17253430 17255433
17258595 17260612
17263918 17265889
17269005 17270911
17273936 17275800
17278826 17280732
17283657 17285523
17288695 17290575
17293821 17295701
17298714 17300587
17303480 17305344
17308176 17310025
17313084 17314921
17318075 17319937
17323003 17324804
17327737 17329533
17332366 17334218
17337072 17338879
17341563 17343360
17346042 17347846
17350725 17352538
17355557 17357363
17360270 17362131
17365013 17366930
17369741 17371720
17374730 17376714
17379913 17381949
17384999 17386980
17389803 17391780
17394527 17396554
17399533 17401554
17404468 17406534
17409657 17411781
17414723 17416785
17419811 17421917
17425178 17427281
17430640 17432732
17435891 17438037
17441324 17443461
17446590 17448768
17452007 17454142
17457501 17459647
17463033 17465159
17468745 17470870
17474599 17476738
17480647 17482838
17486844 17488977
17493226 17495423
17499741 17501892
17506168 17508374
17512630 17514781
17519151 17521304
17525613 17527760
17531901 17534058
17538380 17540558
17544865 17547049
17551531 17553711
17558292 17560456
17565231 17567338
17571882 17573997
17578386 17580498
17584902 17586967
17591240 17593268
17597741 17599726
17604096 17606069
17610649 17612618
17616986 17618934
17623355 17625302
17629854 17631864
17636552 17638610
17643056 17645048
17649429 17651361
17655673 17657610
17661966 17663947
17668210 17670135
17674367 17676273
17680443 17682281
17686594 17688389
17692804 17694637
17699191 17700971
17705437 17707171
17711848 17713537
17718234 17719924
17724629 17726311
17730840 17732583
17737021 17738814
17743377 17745175
17749611 17751417
17756048 17757907
17762326 17764193
17768565 17770464
17775051 17776938
17781589 17783464
17788153 17789988
17794922 17796803
17801738 17803581
17808635 17810513
17815332 17817156
17821988 17823840
17828459 17830298
17834867 17836712
17841171 17843079
17847455 17849412
17853802 17855721
17859997 17861934
17866400 17868336
17872939 17874884
17879720 17881625
17886329 17888174
17893039 17894828
17899853 17901576
17906381 17908149
17912724 17914491
17919112 17920839
17925656 17927383
17932185 17933970
17938875 17940654
17945649 17947492
17952453 17954307
17959310 17961127
17966134 17968007
17972858 17974731
17979497 17981405
17986056 17987922
17992765 17994675
17999304 18001229
18005818 18007756
18012480 18014377
18019224 18021127
18026180 18028129
18033250 18035202
18040123 18042086
18046837 18048805
18053602 18055563
18060159 18062123
18066526 18068493
18072699 18074617
18078981 18080905
18085100 18087086
18091142 18093123
18096994 18099016
18102935 18105020
18109183 18111330
18115613 18117708
18122093 18124176
18128782 18130854
18135573 18137636
18142320 18144380
18148825 18150824
18155243 18157229
18161759 18163749
18168366 18170365
18174851 18176912
18181421 18183474
18188103 18190159
18194551 18196557
18201197 18203159
18207600 18209503
18213973 18215834
18220224 18222137
18226738 18228647
18233106 18235026
18239545 18241463
18246057 18247923
18252588 18254471
18259036 18260982
18265792 18267726
18272559 18274471
18279439 18281302
18286078 18287947
18292584 18294456
18299252 18301168
18305977 18307838
18312446 18314353
18319106 18321067
18325747 18327696
18332342 18334284
18338781 18340735
18344994 18347012
18351284 18353359
18357653 18359736
18364195 18366322
18370611 18372783
18377085 18379229
18383686 18385775
18390482 18392619
18397304 18399488
18404014 18406187
18410916 18413039
18417834 18419956
18424828 18426904
18431748 18433821
18438617 18440638
18445383 18447455
18452130 18454195
18458639 18460670
18465085 18467074
18471570 18473589
18478209 18480244
18484628 18486597
18491184 18493219
18497852 18499877
18504729 18506817
18511726 18513826
18518565 18520665
18525600 18527701
18532809 18534904
18540165 18542270
18547609 18549719
18555268 18557433
18563037 18565150
18570998 18573110
18579131 18581244
18587399 18589496
18595543 18597650
18603641 18605800
18611839 18613950
18620186 18622218
18628588 18630619
18636800 18638835
18645023 18646990
18653005 18654919
18660847 18662798
18668493 18670451
18676346 18678372
18684040 18686059
18691751 18693770
18699445 18701398
18707227 18709149
18715193 18717121
18723219 18725166
18731063 18733003
18739041 18740992
18747253 18749199
18755400 18757387
18763817 18765810
18772031 18773980
18780267 18782261
18788478 18790485
18796494 18798443
18804269 18806263
18812323 18814311
18820317 18822370
18828323 18830373
18836272 18838368
18844218 18846286
18851966 18854026
18859797 18861814
18867364 18869339
18874946 18876976
18882388 18884410
18890026 18892040
18897550 18899506
18904915 18906932
18912496 18914522
18920285 18922258
18927873 18929799
18935513 18937493
18943421 18945396
18951436 18953442
18959310 18961317
18966964 18968978
18974685 18976703
18982227 18984290
18989939 18992050
18997888 19000055
19006085 19008192
19014385 19016544
19022977 19025189
19031852 19034056
19040958 19043114
19049929 19052105
19058880 19061105
19068039 19070248
19077200 19079408
19086511 19088659
19095787 19097962
19105224 19107398
19114810 19116988
19124343 19126526
19134077 19136215
19143554 19145670
19153059 19155169
19162473 19164545
19171882 19173957
19181521 19183649
19190988 19193067
19200589 19202609
19210371 19212349
19220184 19222098
19230083 19231990
19240175 19242144
19250375 19252394
19260460 19262523
19270701 19272716
19281094 19283046
19291451 19293469
19301730 19303697
19312175 19314185
19322714 19324778
19333216 19335290
19343735 19345808
19354477 19356595
19365064 19367186
19375867 19377943
19386731 19388777
19397337 19399373
19408100 19410081
19418793 19420711
19429452 19431356
19439955 19441908
19450654 19452609
19461211 19463195
19471662 19473595
19482155 19484028
19492629 19494494
19502894 19504786
19513034 19514888
19523176 19525029
19533128 19535015
19543115 19545040
19553324 19555307
19563700 19565728
19574279 19576360
19584710 19586797
19595132 19597168
19605647 19607689
19616187 19618287
19626868 19629025
19637470 19639633
19648271 19650489
19659046 19661215
19669910 19672078
19680540 19682703
19691031 19693136
19701240 19703306
19711281 19713413
19721578 19723715
19731694 19733830
19741914 19744127
19752150 19754380
19762506 19764741
19772956 19775179
19783353 19785574
19793748 19795967
19804026 19806297
19814351 19816564
19824798 19827055
19835070 19837398
19845208 19847591
19855428 19857866
19865629 19868101
19875635 19878170
19885533 19888070
19895667 19898250
19905674 19908272
19915539 19918185
19925471 19928070
19935504 19938039
19945609 19948136
19955794 19958318
19965864 19968431
19975947 19978548
19986235 19988854
19996304 19998875
20006183 20008732
20015912 20018508
20025833 20028425
20035548 20038186
20045356 20048012
20055245 20057905
20064954 20067576
20074694 20077261
20084461 20086974
20094319 20096784
20103940 20106356
20113547 20115957
20123261 20125720
20133240 20135748
20143503 20146016
20153598 20156147
20163621 20166198
20173686 20176232
20183887 20186435
20193892 20196505
20203806 20206371
20213741 20216319
20223778 20226365
20233796 20236434
20243901 20246477
20253841 20256441
20263558 20266192
20273356 20275953
20283355 20285995
20293549 20296251
20304019 20306671
20314663 20317346
20325176 20327909
20335617 20338397
20346310 20349020
20356715 20359419
20367008 20369714
20377374 20380141
20387834 20390598
20398422 20401190
20408964 20411725
20419575 20422344
20430399 20433222
20441212 20444070
20452088 20454995
20463174 20466074
20474428 20477366
20485713 20488659
20496806 20499808
20507792 20510745
20518895 20521857
20529866 20532773
20540947 20543783
20551839 20554620
20562680 20565422
20573468 20576204
20584435 20587174
20595497 20598288
20606566 20609359
20617558 20620361
20628580 20631331
20639422 20642176
20650310 20653057
20661110 20663909
20671758 20674603
20682496 20685350
20693073 20695923
20703509 20706356
20714007 20716850
20724555 20727399
20734936 20737826
20745567 20748463
20756274 20759122
20766998 20769881
20777985 20780924
20789065 20791960
20799858 20802687
20810739 20813604
20821498 20824359
20832148 20834962
20842880 20845759
20853657 20856470
20864515 20867369
20875516 20878425
20886682 20889534
20898006 20900875
20909541 20912409
20921221 20924140
20932775 20935740
20944619 20947586
20956254 20959222
20968076 20971028
20979939 20982922
20991881 20994810
21003792 21006772
21015713 21018731
21027433 21030441
21039015 21042022
21050602 21053648
21062255 21065305
21073892 21076977
21085636 21088723
21097214 21100306
21108582 21111669
21119726 21122809
21131110 21134216
21142683 21145788
21154326 21157423
21165836 21168947
21177320 21180447
21188955 21192154
21200828 21204083
21212975 21216280
21225389 21228691
21237880 21241124
21250283 21253523
21262686 21265938
21274923 21278177
21287275 21290466
21299600 21302846
21311821 21315125
21323930 21327263
21335950 21339263
21348024 21351333
21359935 21363243
21371667 21374964
21383457 21386821
21395290 21398631
21406988 21410334
21418501 21421905
21429937 21433350
21441187 21444605
21452356 21455767
21463327 21466740
21474117 21477467
21484799 21488156
21495688 21499051
21506344 21509650
21517032 21520357
21527897 21531190
21538870 21542153
21549924 21553249
21561036 21564354
21572155 21575413
21583020 21586224
21594031 21597196
21605233 21608336
21616546 21619579
21627662 21630700
21638797 21641831
21650079 21653112
21661166 21664241
21672313 21675333
21683495 21686510
21694432 21697419
21705313 21708248
21716133 21719013
21726734 21729676
21737304 21740283
21747810 21750789
21758151 21761130
21768497 21771477
21778915 21781890
21789224 21792266
21799752 21802837
21810397 21813544
21821240 21824453
21832154 21835373
21843279 21846434
21854366 21857475
21865220 21868328
21876035 21879192
21886857 21890013
21897602 21900731
21908079 21911262
21918391 21921562
21928866 21932044
21939106 21942286
21949341 21952583
21959440 21962652
21969415 21972674
21979624 21982835
21989881 21993090
22000088 22003296
22010235 22013444
22020514 22023682
22030530 22033642
22040326 22043438
22050298 22053419
22060467 22063591
22070618 22073803
22080631 22083824
22090517 22093661
22100191 22103406
22110056 22113334
22119792 22123077
22129460 22132766
22139146 22142411
22149036 22152313
22158778 22162078
22168517 22171875
22178438 22181826
22188622 22191999
22198595 22202021
22208644 22212123
22218604 22222073
22228709 22232223
22238930 22242384
22249131 22252590
22259467 22262850
22269777 22273142
22279837 22283186
22289745 22293045
22299453 22302811
22308989 22312393
22318583 22322007
22328175 22331622
22337818 22341205
22347449 22350833
22357246 22360622
22367101 22370518
22376858 22380281
22386756 22390147
22396828 22400169
22406735 22410077
22416644 22420037
22426520 22429932
22436322 22439682
22446149 22449499
22455802 22459216
22465766 22469121
22475830 22479188
22485827 22489134
22495876 22499202
22506133 22509444
22516438 22519755
22526908 22530164
22537323 22540629
22548003 22551265
22558657 22561951
22569477 22572779
22580517 22583773
22591562 22594804
22602822 22606014
22613973 22617119
22625262 22628471
22636399 22639604
22647670 22650925
22658918 22662173
22670339 22673550
22681548 22684744
22692825 22696053
22704046 22707203
22715389 22718564
22726919 22730077
22738404 22741520
22749877 22752947
22761210 22764273
22772657 22775724
22783867 22786905
22794937 22797984
22805990 22809026
22816966 22820056
22828038 22831080
22839170 22842271
22850348 22853446
22861496 22864581
22872759 22875902
22884230 22887381
22895607 22898783
22907170 22910404
22918680 22921964
22930450 22933777
22942230 22945542
22953952 22957255
22965674 22969014
22977575 22980908
22989662 22993009
23001910 23005308
23014200 23017586
23026643 23030031
23039279 23042675
23051783 23055207
23064442 23067877
23077191 23080616
23089887 23093377
23102888 23106415
23115759 23119273
23128517 23131970
23141020 23144425
23153537 23156901
23166078 23169403
23178503 23181895
23191124 23194560
23203789 23207229
23216517 23220013
23229118 23232608
23241843 23245382
23254681 23258242
23267466 23270975
23280230 23283747
23293065 23296644
23306083 23309710
23319354 23322983
23332862 23336448
23346313 23349889
23359579 23363094
23372676 23376192
23385872 23389399
23398972 23402546
23412238 23415872
23425528 23429097
23438668 23442291
23451852 23455477
23465219 23468847
23478574 23482201
23492160 23495851
23505911 23509625
23519631 23523358
23533200 23536978
23546669 23550455
23559896 23563608
23573221 23576971
23586497 23590240
23599956 23603714
23613436 23617226
23627093 23630863
23640547 23644273
23654124 23657802
23667431 23671046
23680576 23684199
23693706 23697310
23706771 23710320
23719736 23723282
23732662 23736237
23745619 23749205
23758461 23762050
23771153 23774693
23783630 23787136
23795836 23799308
23808039 23811554
23820193 23823704
23832245 23835759
23844441 23847954
23856815 23860385
23869004 23872576
23880948 23884459
23892896 23896413
23904967 23908426
23917010 23920468
23929214 23932714
23941260 23944758
23953191 23956642
23965152 23968660
23977160 23980712
23989420 23992964
24001484 24005034
24013743 24017340
24026101 24029748
24038606 24042288
24051389 24055025
24064162 24067789
24076725 24080364
24089412 24093048
24101964 24105566
24114659 24118257
24127385 24131050
24140273 24143962
24153140 24156833
24165836 24169465
24178305 24181930
24190916 24194491
24203590 24207215
24216166 24219791
24228905 24232481
24241437 24245063
24254179 24257759
24266802 24270369
24279350 24282898
24291696 24295205
24303996 24307448
24316333 24319783
24328713 24332171
24340913 24344326
24353228 24356649
24365504 24368969
24377975 24381489
24390326 24393843
24402588 24406131
24415090 24418679
24427412 24431069
24439950 24443589
24452279 24455928
24464403 24468115
24476344 24480051
24488527 24492220
24500639 24504268
24512597 24516231
24524709 24528364
24536678 24540376
24548661 24552378
24560682 24564394
24572557 24576278
24584551 24588285
24596456 24600200
24608294 24612079
24620150 24623949
24631804 24635616
24643631 24647457
24655559 24659436
24667315 24671147
24678996 24682754
24690708 24694416
24702331 24706042
24713859 24717568
24725182 24728960
24736391 24740208
24747532 24751361
24758564 24762407
24769564 24773399
24780753 24784638
24791971 24795856
24803369 24807241
24814920 24818752
24826552 24830385
24838073 24841938
24849386 24853255
24860747 24864567
24871822 24875591
24882962 24886722
24894104 24897900
24905458 24909204
24916625 24920428
24928062 24931879
24939626 24943453
24951249 24955083
24962937 24966774
24974663 24978539
24986196 24990073
24997587 25001512
25009227 25013112
25020766 25024659
25032471 25036347
25044242 25048167
25056060 25060032
25067805 25071727
25079464 25083408
25090974 25094979
25102481 25106459
25114148 25118059
25125848 25129709
25137604 25141473
25149224 25153041
25160895 25164724
25172824 25176648
25184798 25188560
25196813 25200569
25208758 25212516
25220864 25224634
25233014 25236791
25244984 25248761
25256716 25260450
25268293 25272021
25279667 25283350
25291081 25294768
25302293 25305935
25313217 25316816
25324181 25327719
25335088 25338613
25345893 25349419
25356840 25360314
25367656 25371198
25378781 25382314
25389690 25393220
25400779 25404250
25411645 25415046
25422574 25426027
25433608 25437072
25444531 25448032
25455329 25458828
25466135 25469634
25476843 25480394
25487492 25491096
25498377 25501936
25509230 25512788
25519971 25523535
25530755 25534318
25541443 25544996
25552021 25555535
25562742 25566223
25573649 25577150
25584517 25588003
25595549 25599105
25606738 25610277
25618108 25621618
25629416 25632925
25640549 25644066
25651464 25654934
25662347 25665821
25673032 25676565
25683896 25687475
25695053 25698633
25706335 25709966
25717692 25721389
25729124 25732818
25740338 25744083
25751826 25755557
25763487 25767224
25775095 25778837
25786823 25790501
25798485 25802170
25810178 25813866
25821855 25825485
25833372 25836938
25844595 25848201
25855881 25859495
25867053 25870647
25878108 25881688
25888935 25892508
25899508 25903086
25910308 25913892
25921082 25924612
25931605 25935085
25942148 25945627
25952519 25956004
25962748 25966183
25972835 25976231
25982690 25986072
25992756 25996114
26002701 26006098
26012483 26015831
26021969 26025364
26031652 26035010
26041210 26044562
26050665 26054022
26060021 26063383
26069222 26072551
26078305 26081622
26087423 26090741
26096643 26099913
26105699 26108967
26114721 26117940
26123800 26127015
26132759 26136018
26141943 26145186
26151141 26154368
26160224 26163481
26169483 26172734
26178924 26182173
26188301 26191598
26197596 26200846
26206969 26210196
26216305 26219525
26225583 26228851
26234890 26238177
26244190 26247531
26253663 26256999
26263037 26266377
26272450 26275766
26281626 26284897
26290859 26294185
26300082 26303376
26309180 26312461
26318492 26321760
26327825 26331129
26336999 26340303
26346172 26349531
26355448 26358737
26364497 26367751
26373573 26376838
26382442 26385713
26391211 26394520
26400053 26403371
26409016 26412325
26417812 26421114
26426494 26429848
26435031 26438393
26443438 26446797
26451954 26455295
26460518 26463854
26469009 26472346
26477628 26481020
26486229 26489688
26494933 26498348
26503564 26507029
26512471 26515925
26521532 26524984
26530633 26534127
26539696 26543134
26548612 26552050
26557556 26561051
26566458 26569993
26575514 26579082
26584847 26588417
26594071 26597602
26603117 26606651
26612355 26615948
26621610 26625213
26630747 26634287
26639801 26643354
26648812 26652408
26658019 26661620
26667104 26670709
26676063 26679718
26684929 26688579
26693690 26697277
26702147 26705733
26710455 26714050
26718627 26722224
26727026 26730629
26735248 26738896
26743391 26747041
26751395 26755047
26759452 26763106
26767679 26771263
26775962 26779545
26784479 26788104
26793258 26796888
26801940 26805616
26810549 26814286
26819426 26823159
26828369 26832030
26837017 26840623
26845408 26848993
26853751 26857270
26862260 26865777
26870594 26874114
26879022 26882519
26887498 26891010
26896114 26899625
26904580 26908087
26913262 26916750
26921740 26925170
26930210 26933582
26938546 26941946
26946903 26950302
26955293 26958725
26963480 26966908
26971600 26974967
26979878 26983239
26988192 26991563
26996525 26999908
27005092 27008489
27013477 27016814
27021576 27024958
27029953 27033346
27038262 27041653
27046521 27049940
27054938 27058391
27063252 27066698
27071802 27075197
27080070 27083416
27088212 27091601
27096284 27099729
27104393 27107885
27112624 27116163
27120890 27124475
27129436 27133012
27138130 27141687
27147015 27150565
27155799 27159300
27164576 27168037
27173329 27176833
27181918 27185468
27190434 27193927
27198967 27202497
27207553 27211038
27216195 27219701
27224675 27228134
27233349 27236822
27242026 27245524
27250963 27254523
27260205 27263800
27269629 27273165
27278823 27282360
27288199 27291678
27297736 27301220
27307301 27310743
27316660 27320111
27326213 27329667
27335953 27339337
27345409 27348857
27355015 27358465
27364533 27367978
27374250 27377688
27383969 27387423
27393594 27397108
27403044 27406609
27412698 27416231
27422363 27425893
27432086 27435581
27441977 27445510
27452029 27455501
27461799 27465260
27471504 27474967
27481313 27484827
27490969 27494476
27500725 27504188
27510477 27513884
27520240 27523637
27529833 27533190
27539328 27542627
27548826 27552121
27558322 27561558
27567748 27570950
27577261 27580464
27586920 27590122
27596662 27599910
27606437 27609703
27616298 27619508
27626296 27629518
27636405 27639674
27646588 27649912
27657041 27660363
27667342 27670713
27677584 27680918
27687678 27691020
27697611 27700912
27707727 27711035
27717651 27720984
27727351 27730678
27736919 27740254
27746422 27749759
27755904 27759226
27765198 27768468
27774382 27777595
27783665 27786938
27792956 27796239
27802062 27805300
27811167 27814358
27820233 27823481
27829491 27832685
27838811 27842005
27848035 27851219
27857331 27860519
27866726 27869927
27876051 27879253
27885166 27888437
27894572 27897800
27903822 27907108
27913138 27916440
27922489 27925748
27931966 27935237
27941503 27944828
27951091 27954450
27960616 27963973
27970091 27973404
27979312 27982633
27988387 27991652
27997562 28000876
28006853 28010111
28016226 28019467
28025696 28028999
28035062 28038365
28044240 28047590
28053627 28056974
28063054 28066404
28072295 28075695
28081599 28085051
28090974 28094364
28100331 28103681
28109570 28112976
28118729 28122187
28127978 28131495
28137416 28140934
28146881 28150355
28156382 28159859
28165698 28169173
28175180 28178707
28184466 28187948
28193701 28197201
28203130 28206630
28212488 28215978
28221954 28225453
28231554 28235007
28241278 28244730
28250804 28254303
28260482 28263932
28270349 28273808
28280390 28283797
28290372 28293827
28300263 28303732
28310144 28313613
28319954 28323489
28329653 28333224
28339232 28342797
28348929 28352484
28358492 28361989
28368148 28371693
28377823 28381361
28387671 28391201
28397575 28401104
28407393 28410929
28417233 28420806
28426879 28430507
28436530 28440172
28446331 28449988
28456298 28459957
28466445 28470098
28476471 28480196
28486608 28490388
28496551 28500384
28506313 28510163
28516296 28520141
28526178 28529956
28535927 28539756
28545757 28549581
28555539 28559349
28565294 28569164
28575181 28579057
28584825 28588633
28594518 28598334
28604091 28607874
28613505 28617281
28622977 28626759
28632602 28636389
28642299 28646036
28652052 28655783
28661956 28665681
28671979 28675662
28681784 28685414
28691590 28695164
28701316 28704844
28710891 28714472
28720467 28724012
28729872 28733404
28739327 28742854
28748725 28752209
28758200 28761727
28767699 28771276
28777389 28780916
28787047 28790551
28796608 28800063
28806287 28809783
28815947 28819444
28825599 28829050
28835289 28838791
28845185 28848733
28855007 28858491
28864902 28868349
28874951 28878432
28885081 28888557
28894995 28898394
28904724 28908066
28914305 28917691
28924069 28927479
28933695 28937117
28943261 28946663
28952800 28956162
28962261 28965695
28971940 28975385
28981751 28985192
28991490 28994869
29001329 29004707
29011190 29014525
29021022 29024359
29030980 29034319
29040864 29044213
29050801 29054145
29060512 29063813
29069972 29073251
29079198 29082498
29088552 29091791
29097967 29101172
29107485 29110699
29117146 29120298
29126503 29129598
29135951 29139101
29145594 29148791
29155146 29158366
29164868 29168042
29174591 29177777
29184085 29187229
29193375 29196588
29202556 29205757
29211728 29214887
29221022 29224232
29230517 29233730
29239842 29243009
29249102 29252278
29258310 29261503
29267303 29270522
29276289 29279560
29285574 29288890
29294670 29298002
29303606 29306893
29312635 29315975
29321911 29325189
29330980 29334251
29340104 29343421
29349443 29352804
29358987 29362283
29368442 29371742
29378096 29381404
29387705 29390970
29397406 29400729
29407136 29410512
29416779 29420171
29426673 29430078
29436829 29440197
29447069 29450441
29457468 29460834
29468036 29471460
29478482 29481903
29488905 29492374
29499327 29502732
29509741 29513105
29520183 29523501
29530336 29533699
29540673 29544037
29550910 29554270
29561323 29564739
29571952 29575389
29582802 29586289
29593845 29597341
29605012 29608505
29615942 29619439
29626629 29630079
29637419 29640864
29648253 29651642
29659224 29662633
29670209 29673615
29681125 29684484
29691885 29695241
29702591 29705971
29713539 29716966
29724628 29728087
29735670 29739156
29746672 29750100
29757741 29761108
29768852 29772206
29780005 29783356
29791276 29794700
29802400 29805820
29813766 29817242
29825023 29828490
29836047 29839526
29846902 29850384
29857853 29861341
29868819 29872285
29879974 29883428
