439 512
949 968
1232 1289
1581 1584
1662 1717
1864 1962
1986 2041
2161 2191
2441 2489
2542 2561
3041 3125
3539 3604
4052 4115
4274 4320
4710 4729
5034 5091
5350 5431
5455 5549
5922 5992
6126 6128
6153 6199
6300 6323
6505 6567
7041 7048
7532 7605
7772 7819
8174 8246
8594 8630
8671 8752
9251 9350
9691 9729
9891 9978
10241 10262
10748 10833
11088 11164
11179 11258
11702 11714
11949 12013
12411 12446
12919 12945
13323 13328
13472 13569
13742 13836
13924 13966
14417 14497
14607 14685
15112 15167
15296 15374
15611 15673
16161 16209
16287 16341
16550 16610
16949 17029
17114 17174
17480 17536
17955 18019
18069 18131
18472 18475
18959 18979
19341 19348
19730 19758
20052 20143
20621 20637
21036 21054
21340 21397
21603 21685
22137 22155
22384 22403
22517 22601
22807 22853
23325 23353
23622 23711
24025 24053
24094 24108
24428 24521
24886 24911
25200 25232
25455 25465
25861 25939
26095 26177
26410 26424
26548 26552
26642 26694
26916 26949
26996 27022
27374 27431
27695 27742
28113 28148
28498 28530
28849 28948
29055 29142
29510 29588
29951 30016
30496 30571
30700 30771
30990 31045
31074 31110
31489 31515
31914 31949
32198 32213
32667 32678
32856 32914
33394 33420
33866 33888
34327 34344
34713 34750
34781 34801
34869 34921
35080 35117
35362 35410
35557 35652
35915 35986
36185 36191
36680 36767
36988 37059
37272 37347
37461 37511
37617 37698
37841 37882
38302 38373
38393 38447
38567 38664
38850 38861
39067 39140
39389 39456
39881 39967
40218 40279
40669 40724
41046 41138
41252 41262
41264 41269
41693 41781
42002 42067
42231 42263
42296 42367
42839 42841
42998 43059
43120 43170
43629 43678
44047 44058
44081 44177
44617 44677
44951 45051
45515 45518
45890 45904
46368 46456
46481 46544
46689 46706
47030 47080
47407 47465
47941 48035
48244 48293
48742 48838
49137 49237
49581 49601
49883 49948
50111 50125
50191 50252
50353 50418
50895 50938
51358 51403
51545 51622
51964 52013
52309 52359
52378 52456
52678 52681
52898 52910
53012 53020
53361 53399
53690 53762
53819 53839
54308 54371
54496 54586
54801 54869
55091 55161
55286 55303
55475 55574
56071 56092
56558 56628
57077 57080
57268 57274
57314 57338
57567 57609
58076 58135
58527 58584
59020 59059
59478 59479
59855 59929
60031 60034
60217 60243
60260 60309
60393 60485
60565 60606
60882 60980
61432 61485
61709 61718
61745 61803
62156 62178
62496 62559
63012 63043
63054 63124
63434 63467
63931 63937
64050 64060
64353 64387
64787 64858
65170 65260
65287 65387
65486 65539
65747 65814
66279 66308
66338 66340
66684 66708
66728 66756
67100 67180
67430 67461
67799 67834
67859 67902
67968 67996
68320 68406
68872 68889
69170 69237
69462 69492
69542 69613
70011 70028
70522 70616
70956 70978
71350 71366
71550 71571
71766 71779
71792 71814
71964 72052
72396 72427
72779 72843
73073 73143
73189 73288
73579 73603
73902 73963
74120 74153
74155 74203
74513 74529
74760 74842
75260 75327
75486 75583
75702 75731
75852 75854
76329 76338
76517 76561
77036 77103
77331 77336
77401 77437
77928 77993
78352 78383
78863 78938
79285 79339
79472 79480
79671 79702
79854 79883
79916 79960
80188 80278
80567 80596
80642 80720
80814 80859
80907 80980
81458 81465
81689 81735
81874 81876
82051 82090
82229 82321
82344 82375
82542 82608
82645 82671
82931 83028
83265 83291
83686 83706
83791 83803
84157 84229
84472 84511
84931 84939
85088 85089
85170 85205
85589 85686
85964 85994
86000 86081
86350 86383
86687 86698
86989 87082
87451 87526
87729 87758
88192 88272
88291 88327
88530 88574
88663 88762
88909 88914
88926 88977
89275 89355
89751 89789
90171 90197
90574 90617
91032 91111
91171 91220
91626 91637
91694 91784
91799 91846
91992 92068
92536 92614
92621 92717
92860 92929
93117 93149
93194 93231
93609 93635
93952 93974
94204 94213
94475 94498
94555 94654
95027 95111
95443 95509
95682 95688
95920 96020
96342 96400
96790 96831
96924 96976
97421 97470
97700 97786
98186 98198
98435 98498
98965 98978
99477 99570
99829 99848
99921 100002
100357 100394
100438 100503
101001 101055
101096 101188
101590 101655
102096 102119
102391 102435
102754 102830
102942 103003
103409 103490
103761 103836
104248 104325
104688 104712
104777 104797
104901 104935
105026 105038
105149 105220
105613 105703
106092 106184
106216 106237
106539 106557
106581 106616
107105 107184
107413 107501
107724 107792
107876 107908
108091 108128
108187 108225
108591 108637
109003 109043
109063 109083
109275 109322
109363 109450
109675 109703
110154 110223
110596 110602
110694 110767
110969 111069
111144 111171
111243 111323
111444 111459
111675 111710
112129 112229
112465 112539
112986 113037
113334 113390
113669 113709
114129 114178
114457 114482
114979 115068
115546 115579
115927 116004
116344 116394
116657 116734
116859 116892
117100 117130
117595 117655
117937 118010
118273 118361
118377 118415
118799 118884
119377 119461
119958 120006
120171 120258
120319 120357
120833 120892
121149 121177
121436 121499
121727 121781
122266 122304
122410 122466
122770 122844
123077 123122
123339 123409
123833 123871
124185 124240
124311 124351
124549 124627
124840 124925
125219 125281
125560 125603
125869 125896
126335 126407
126648 126662
127009 127020
127382 127397
127455 127537
127834 127910
128075 128077
128510 128550
128852 128935
129111 129210
129530 129589
129851 129888
130244 130310
130451 130508
130661 130673
130951 131012
131354 131425
131787 131800
131893 131940
132405 132419
132540 132575
132905 132951
133434 133462
133612 133666
134096 134105
134520 134578
134963 135009
135271 135354
135632 135658
135804 135828
136104 136192
136257 136343
136718 136813
136904 136954
137016 137088
137342 137349
137437 137514
137895 137940
138312 138368
138421 138439
138802 138825
139190 139288
139554 139565
139573 139621
139728 139794
140165 140191
140540 140562
140887 140920
140923 140941
141112 141195
141205 141304
141747 141804
142003 142022
142326 142388
142734 142800
142840 142894
143326 143360
143794 143889
144209 144248
144625 144665
144692 144758
145057 145088
145403 145465
145529 145584
145801 145830
146150 146245
146723 146817
147120 147178
147345 147369
147622 147705
148186 148211
148691 148773
148954 149028
149341 149355
149485 149507
149879 149934
150329 150412
150733 150800
151046 151068
151396 151469
151966 152008
152017 152063
152087 152143
152399 152416
152754 152757
153040 153136
153147 153194
153630 153703
154012 154038
154142 154233
154512 154605
154661 154722
155205 155298
155602 155653
155981 156003
156392 156491
156643 156741
157238 157247
157575 157672
158101 158182
158342 158409
158813 158815
158836 158893
159100 159194
159526 159576
159619 159631
159859 159902
160386 160431
160786 160855
161169 161259
161651 161733
161760 161789
161905 161994
162385 162407
162484 162555
162980 162981
163132 163153
163302 163390
163660 163665
164160 164224
164594 164664
164839 164861
165133 165198
165544 165557
165599 165691
165834 165842
166313 166378
166419 166490
166962 166982
167115 167204
167609 167655
167682 167695
168011 168071
168185 168270
168722 168804
168920 168956
169015 169029
169512 169591
169627 169693
169723 169774
169926 169950
170274 170312
170351 170404
170831 170838
171101 171159
171282 171375
171464 171536
171741 171743
172233 172277
172314 172401
172593 172606
173047 173075
173221 173312
173798 173840
174262 174348
174568 174589
174752 174844
175067 175156
175533 175624
175919 176002
176087 176124
176427 176437
176744 176824
177137 177160
177475 177562
178056 178147
178469 178564
178933 179016
179314 179358
179669 179715
179818 179864
179934 179982
179987 179993
180180 180213
180520 180601
180756 180764
181082 181091
181230 181308
181525 181557
181580 181656
181880 181978
181980 182016
182258 182283
182460 182548
182787 182797
182836 182876
183368 183384
183722 183775
183972 183997
184038 184051
184302 184308
184392 184397
184622 184626
185007 185052
185419 185514
185599 185631
186117 186142
186319 186397
186506 186559
186588 186612
186646 186720
187060 187125
187622 187626
187783 187802
188070 188103
188203 188286
188621 188708
188915 188927
188938 188943
189411 189478
189749 189796
190054 190135
190161 190211
190630 190669
190725 190814
191067 191118
191486 191503
191834 191852
192089 192176
192402 192458
192616 192702
192801 192852
193138 193186
193249 193259
193597 193672
194095 194184
194204 194228
194382 194472
194843 194848
194851 194858
195131 195183
195542 195604
196065 196110
196493 196502
196882 196934
197094 197098
197130 197136
197530 197568
197750 197828
198098 198125
198223 198292
198328 198353
198788 198826
199090 199151
199307 199344
199758 199823
200148 200190
200255 200257
200493 200545
200946 200967
201343 201414
201556 201575
201943 201995
202439 202524
202631 202667
202689 202777
203057 203156
203295 203307
203454 203542
203799 203837
203985 203987
204334 204377
204403 204428
204435 204530
204588 204611
204634 204684
204916 204984
205398 205401
205630 205720
205859 205931
205932 206015
206492 206524
206952 207010
207191 207222
207374 207408
207468 207474
207863 207903
207912 207980
208060 208137
208159 208213
208502 208566
208674 208711
209170 209173
209474 209517
209575 209670
210022 210097
210569 210602
211055 211105
211436 211452
211856 211896
212316 212327
212457 212555
212558 212607
212722 212725
212914 212962
213198 213266
213566 213626
214067 214075
214298 214344
214730 214738
214742 214834
215049 215051
215329 215363
215410 215418
215653 215694
215788 215791
216014 216035
216526 216534
216790 216860
216980 217039
217169 217264
217283 217288
217705 217801
217808 217863
218131 218206
218491 218569
218977 219059
219542 219625
220083 220104
220347 220387
220637 220726
221007 221017
221241 221263
221396 221473
221572 221620
222045 222120
222563 222651
222921 222972
223042 223127
223218 223292
223712 223747
223949 224046
224052 224084
224330 224382
224540 224543
224842 224877
225007 225106
225458 225463
225777 225817
226114 226213
226475 226480
226508 226570
226793 226884
227345 227438
227450 227476
227614 227627
227874 227894
228255 228307
228660 228704
228957 229032
229487 229489
229888 229911
230199 230283
230519 230579
230804 230836
231222 231262
231559 231631
231969 232029
232199 232225
232280 232331
232607 232644
233140 233191
233631 233714
233764 233767
233961 234004
234133 234178
234415 234423
234529 234556
235036 235051
235285 235372
235500 235568
235612 235646
236040 236128
236451 236542
236857 236949
237171 237253
237698 237709
237987 238068
238081 238156
238383 238478
238935 238969
239178 239230
239496 239543
239698 239736
240185 240267
240519 240614
240917 240985
241354 241427
241486 241502
241972 242003
242490 242547
242815 242914
242986 243081
243104 243119
243218 243313
243521 243552
243600 243696
244134 244225
244308 244389
244447 244479
244894 244930
244943 244987
245053 245141
245571 245619
245769 245834
246059 246148
246203 246268
246446 246462
246769 246868
247094 247169
247538 247634
247688 247749
247930 248023
248029 248064
248133 248180
248557 248589
248791 248875
248884 248937
248947 249040
249100 249159
249632 249646
249662 249759
249956 249971
250157 250238
250295 250306
250566 250593
251028 251060
251092 251107
251558 251588
251870 251915
252025 252123
252540 252584
252834 252913
253044 253053
253107 253108
253539 253569
254058 254096
254172 254217
254267 254326
254421 254432
254750 254813
254853 254934
255027 255076
255121 255176
255505 255523
255583 255676
255971 256038
256325 256340
256689 256709
256990 257000
257435 257459
257768 257849
258324 258385
258585 258616
258835 258923
259099 259112
259153 259180
259517 259573
259662 259748
259793 259822
259955 260040
260358 260447
260710 260747
260773 260818
261079 261125
261185 261270
261623 261666
261759 261851
261933 261946
262135 262217
262447 262527
262531 262619
262846 262910
263254 263283
263653 263732
263880 263922
264178 264239
264316 264398
264470 264475
264515 264589
264745 264760
265081 265172
265477 265544
265899 265900
266326 266335
266777 266794
267095 267186
267454 267475
267915 267959
268421 268505
268828 268926
268950 268971
269038 269101
269107 269203
269419 269467
269596 269684
270116 270215
270493 270500
270557 270578
270653 270750
270827 270840
271281 271303
271610 271634
272070 272117
272453 272529
272815 272860
272955 273034
273445 273452
273889 273913
274323 274370
274760 274851
275150 275217
275703 275709
275830 275835
276190 276191
276649 276670
276706 276709
277139 277215
277405 277489
277682 277751
278248 278319
278567 278574
278706 278806
279278 279328
279810 279895
280156 280246
280317 280355
280491 280587
280821 280862
281287 281384
281577 281588
281629 281722
281738 281827
282104 282162
282487 282569
282654 282701
282885 282920
283056 283145
283533 283560
283982 283998
284196 284241
284703 284758
285127 285221
285464 285475
285520 285619
285686 285747
286212 286283
286313 286403
286487 286586
286962 286975
287271 287300
287400 287472
287673 287705
287862 287903
288163 288241
288370 288382
288739 288800
289084 289086
289121 289154
289342 289434
289884 289893
290310 290337
290730 290741
291187 291200
291338 291355
291578 291605
291618 291681
291759 291831
291925 291965
292227 292264
292329 292419
292660 292755
292986 293054
293487 293562
293946 294043
294337 294422
294762 294847
295172 295264
295511 295522
295986 296027
296054 296118
296149 296218
296674 296723
296835 296919
297270 297331
297744 297786
298048 298125
298525 298615
299003 299009
299176 299237
299629 299658
299878 299966
300264 300337
300635 300728
301141 301218
301633 301673
301968 301978
302249 302304
302476 302529
302631 302718
303047 303112
303609 303668
304072 304149
304215 304221
304490 304509
304817 304883
305203 305215
305276 305295
305615 305695
306150 306163
306207 306270
306693 306751
307041 307086
307195 307276
307720 307755
308039 308077
308277 308320
308750 308802
308858 308867
308882 308912
309034 309052
309303 309320
309416 309464
309558 309585
309972 310006
310105 310113
310406 310431
310883 310892
311014 311017
311393 311398
311675 311759
311779 311844
311898 311956
312247 312333
312728 312773
313131 313160
313215 313240
313648 313678
313821 313906
314370 314437
314710 314798
314963 315060
315152 315242
315321 315413
315789 315866
315938 315958
316037 316077
316359 316433
316864 316915
317044 317124
317623 317630
317648 317670
318098 318122
318427 318466
318534 318623
318845 318873
319032 319060
319149 319150
319183 319214
319344 319420
319616 319686
319940 319964
320391 320424
320444 320504
320909 320987
321307 321315
321557 321609
321993 322082
322321 322403
322788 322846
322880 322916
323401 323459
323781 323855
324351 324431
324634 324688
325050 325128
325352 325416
325527 325583
325883 325921
326183 326240
326618 326667
326748 326771
326949 327017
327175 327250
327574 327579
327693 327792
327909 327935
328276 328331
328771 328778
329202 329210
329652 329727
329798 329897
329955 329968
330084 330156
330172 330257
330469 330557
330563 330643
330705 330765
331247 331269
331506 331588
331612 331640
331650 331713
331895 331920
332339 332343
332729 332823
333027 333060
333379 333464
333819 333874
334305 334395
334491 334521
334786 334797
335151 335209
335676 335734
336040 336132
336530 336602
336984 337049
337273 337293
337319 337367
337732 337775
338216 338280
338526 338577
338918 339006
339369 339385
339720 339757
339764 339821
340055 340116
340411 340510
340626 340712
340870 340931
341325 341399
341565 341662
341839 341935
342338 342405
342529 342584
342945 342999
343103 343195
343617 343639
344108 344174
344473 344563
344817 344899
345145 345181
345577 345657
345975 345987
346229 346260
346449 346502
346672 346719
346811 346864
347141 347236
347489 347572
347729 347753
348174 348257
348617 348676
348717 348720
349167 349196
349602 349652
349980 350074
350330 350381
350616 350673
350919 350926
351099 351103
351437 351450
351636 351672
352015 352108
352392 352430
352579 352595
352939 352964
353084 353106
353413 353476
353503 353574
353936 353954
354031 354077
354250 354348
354742 354755
354799 354864
355285 355380
355587 355609
355997 356080
356367 356410
356802 356852
357031 357091
357225 357294
357710 357795
357802 357812
358200 358231
358480 358561
358753 358808
359166 359242
359503 359546
359665 359718
359736 359765
360188 360245
360701 360721
360822 360858
361287 361298
361551 361613
361990 362077
362309 362339
362788 362874
363190 363232
363239 363273
363329 363388
363724 363747
363765 363774
364107 364172
364474 364545
364903 364984
365259 365294
365547 365581
365680 365728
365757 365836
366306 366356
366609 366650
366859 366860
367040 367085
367343 367433
367591 367622
368049 368099
368406 368451
368925 369005
369054 369143
369606 369611
369971 370017
370445 370544
370635 370663
370846 370923
371239 371256
371605 371651
371761 371779
371812 371817
372303 372372
372494 372538
372667 372761
372985 373080
373454 373464
373916 373924
373934 373997
374307 374324
374339 374425
374439 374462
374668 374700
375003 375102
375199 375265
375501 375520
375898 375921
375978 375987
376277 376298
376446 376478
376772 376787
377099 377156
377424 377449
377771 377785
378198 378290
378662 378698
378731 378734
378795 378832
378854 378874
378908 378972
379303 379340
379354 379453
379627 379646
379784 379822
379923 380001
380432 380493
380550 380629
380714 380746
381212 381279
381657 381748
381884 381898
382287 382367
382679 382690
382864 382934
383310 383400
383797 383896
383906 384001
384425 384523
384799 384810
385181 385252
385700 385782
386127 386166
386499 386516
386753 386829
387092 387123
387133 387171
387557 387618
387868 387902
388057 388130
388491 388524
388957 388997
389385 389452
389611 389671
389806 389886
390304 390351
390553 390603
390909 390919
391018 391022
391043 391111
391281 391335
391702 391739
391782 391795
392061 392122
392472 392513
392802 392898
392979 393015
393473 393486
393799 393831
393989 394082
394570 394592
395080 395159
395300 395338
395355 395424
395471 395568
395729 395745
395897 395997
396245 396309
396371 396434
396554 396567
396577 396648
397145 397211
397291 397292
397493 397539
397617 397652
397746 397790
398262 398334
398740 398801
399057 399072
399080 399124
399295 399314
399330 399406
399775 399828
400292 400358
400457 400466
400479 400552
400568 400646
400958 401055
401187 401189
401419 401432
401838 401916
402344 402401
402556 402637
402751 402821
403107 403150
403298 403364
403678 403681
403725 403797
403887 403969
404040 404109
404589 404627
405005 405035
405493 405500
405886 405982
406162 406186
406395 406481
406534 406592
406688 406725
407026 407045
407454 407459
407595 407679
408001 408075
408388 408407
408527 408545
408575 408608
408627 408707
409070 409166
409615 409620
409750 409810
410225 410250
410444 410500
410748 410784
410983 411031
411310 411377
411676 411749
412155 412217
412463 412560
412755 412843
413117 413186
413400 413425
413830 413893
413943 413984
414121 414123
414568 414648
414806 414861
415114 415123
415535 415577
415649 415719
415781 415875
416264 416360
416464 416468
416957 417005
417133 417135
417621 417658
417778 417831
418267 418300
418708 418760
419242 419260
419339 419348
419532 419578
419927 419950
420313 420388
420759 420791
420859 420900
421358 421442
421665 421749
422078 422161
422331 422377
422457 422517
422773 422793
423001 423036
423056 423107
423459 423533
423615 423651
424029 424054
424232 424242
424330 424421
424839 424844
424952 425019
425451 425492
425603 425611
426035 426116
426164 426214
426287 426345
426634 426711
426955 427042
427252 427265
427321 427398
427572 427610
427705 427786
428085 428088
428406 428483
428629 428705
429152 429180
429328 429426
429903 429941
430060 430062
430304 430397
430424 430453
430776 430857
431216 431219
431674 431677
431986 432024
432296 432331
432621 432647
432839 432923
432941 432982
433273 433346
433362 433446
433461 433492
433718 433818
434256 434296
434702 434791
435073 435165
435365 435433
435593 435657
435957 436025
436038 436066
436540 436556
436764 436817
437163 437243
437471 437481
437502 437599
437966 438029
438346 438420
438518 438576
438634 438719
438886 438973
439112 439167
439333 439340
439436 439495
439693 439757
440055 440064
440184 440188
440282 440322
440465 440469
440954 441043
441109 441196
441302 441358
441737 441793
441794 441848
442073 442123
442215 442311
442650 442703
443070 443109
443307 443355
443662 443692
443786 443791
444249 444342
444452 444502
444796 444853
445043 445118
445490 445576
446020 446081
446335 446374
446678 446777
447231 447260
447568 447622
447804 447821
448134 448156
448507 448598
448770 448821
448825 448922
449007 449045
449489 449526
449921 449977
450100 450180
450207 450220
450531 450548
450826 450921
451210 451241
451645 451653
451990 452086
452538 452599
452737 452762
452837 452866
452867 452870
452926 452992
453180 453196
453271 453342
453653 453744
454243 454271
454600 454659
454699 454709
454757 454791
454894 454912
455139 455165
455458 455531
455745 455784
455997 456067
456377 456400
456483 456527
456983 457061
457140 457177
457279 457311
457317 457376
457818 457847
458273 458371
458579 458639
459082 459144
459469 459499
459704 459738
459786 459857
459987 459993
460186 460212
460456 460539
460840 460930
461181 461248
461403 461468
461593 461658
461764 461802
461973 462047
462482 462523
462984 462986
463292 463312
463707 463764
464100 464198
464392 464474
464833 464887
465001 465079
465262 465340
465363 465368
465503 465551
465914 465990
466344 466419
466509 466539
466658 466749
467240 467295
467513 467590
467998 468026
468305 468325
468365 468379
468749 468789
469117 469198
469242 469291
469520 469615
469984 470022
470505 470541
470873 470883
471217 471226
471480 471573
471718 471777
471814 471882
472001 472094
472427 472457
472618 472633
473023 473082
473418 473489
473605 473653
474064 474154
474334 474408
474826 474848
475182 475230
475336 475360
475659 475719
475993 476029
476040 476099
476220 476230
476635 476706
477027 477081
477385 477459
477657 477675
478167 478261
478422 478433
478633 478683
478998 479075
479367 479377
479711 479759
479895 479957
480238 480274
480725 480779
481072 481088
481435 481452
481495 481573
482029 482128
482507 482514
482926 482944
483294 483380
483828 483882
483917 484011
484156 484234
484384 484440
484551 484632
484769 484802
484974 485019
485214 485256
485713 485736
486081 486096
486145 486173
486428 486518
486963 487042
487490 487561
487804 487894
488178 488232
488600 488683
488900 488903
489176 489243
489450 489526
489955 489992
490333 490406
490578 490626
490996 491048
491255 491289
491295 491302
491636 491676
491721 491735
491807 491874
492344 492380
492690 492695
492902 492990
493377 493399
493841 493851
494343 494362
494634 494681
495061 495111
495589 495591
495615 495656
496106 496121
496392 496482
496777 496834
496972 497039
497518 497558
497765 497821
498311 498394
498657 498751
498990 499027
499393 499423
499452 499538
499920 499956
500198 500248
500291 500347
500723 500735
500972 501040
501484 501578
501828 501866
502112 502171
502429 502432
502809 502837
503316 503321
503522 503620
503950 503968
504008 504099
504436 504453
504705 504750
505203 505246
505524 505565
505817 505847
505915 505926
506384 506444
506834 506889
507303 507395
507446 507465
507856 507933
508382 508448
508732 508823
508976 509070
509253 509314
509389 509444
509841 509906
510257 510349
510578 510583
510775 510829
510897 510984
511212 511277
511603 511644
512047 512070
512391 512466
512526 512620
512745 512814
513059 513154
513557 513608
513913 513953
514309 514394
514507 514523
514784 514854
514949 514984
515420 515491
515777 515846
516058 516129
516195 516201
516505 516574
516643 516668
516878 516893
517247 517335
517426 517518
517989 518017
518361 518405
518770 518808
519191 519281
519433 519473
519962 520018
520305 520386
520532 520589
520822 520842
521264 521339
521835 521840
522076 522121
522171 522224
522617 522627
522878 522902
523395 523454
523823 523836
523917 523956
524359 524455
524504 524508
524810 524840
525014 525047
525289 525301
525686 525712
525941 525985
526176 526253
526670 526721
527178 527241
527429 527500
527584 527637
527644 527706
528088 528150
528449 528477
528608 528642
528701 528780
529137 529227
529558 529642
529716 529784
529939 529966
530264 530341
530376 530407
530492 530544
530877 530921
530931 530999
531497 531580
531747 531831
531968 532019
532425 532442
532939 532997
533416 533483
533504 533576
534071 534140
534619 534691
534720 534786
535042 535104
535368 535402
535716 535725
535872 535884
536305 536402
536419 536483
536771 536845
537062 537126
537250 537302
537401 537436
537882 537977
538234 538326
538534 538586
538906 538913
538990 539005
539420 539431
539648 539745
539977 540037
540437 540513
540581 540595
540818 540910
540997 541027
541152 541185
541606 541650
542003 542018
542305 542355
542514 542592
542980 543055
543185 543250
543674 543767
543923 543997
544201 544260
544332 544367
544801 544864
545211 545283
545613 545679
545948 546032
546391 546443
546527 546585
546794 546826
546834 546870
547328 547355
547845 547931
548385 548389
548662 548741
548909 548921
548950 548985
549043 549073
549439 549510
549840 549842
550048 550129
550593 550689
551147 551149
551196 551246
551546 551550
552040 552140
552264 552333
552532 552621
553084 553111
553450 553524
554000 554037
554299 554351
554525 554574
554887 554958
555222 555306
555437 555533
555905 555993
556056 556086
556325 556408
556702 556794
557151 557165
557452 557472
557685 557730
558226 558277
558390 558429
558742 558783
559146 559236
559284 559321
559400 559420
559902 559969
560285 560327
560438 560474
560821 560834
561202 561276
561640 561728
561942 562006
562146 562203
562660 562672
563047 563116
563365 563381
563586 563679
563714 563756
564059 564069
564374 564433
564515 564584
564970 565010
565509 565534
565929 565989
566432 566525
566924 566977
567139 567234
567254 567298
567601 567693
567984 567988
568128 568216
568603 568687
568745 568791
568873 568877
569278 569340
569730 569761
569942 570000
570062 570085
570241 570265
570547 570634
570822 570920
571021 571023
571381 571402
571535 571558
571679 571702
572105 572114
572337 572370
572446 572538
572556 572631
572941 572977
573041 573105
573337 573411
573456 573505
573626 573663
573896 573932
574403 574407
574525 574533
574608 574708
575000 575056
575182 575238
575611 575617
575674 575754
575842 575922
576247 576254
576501 576514
576909 576963
577082 577129
577555 577572
578050 578130
578211 578227
578677 578680
578743 578828
579173 579256
579641 579708
580128 580195
580401 580462
580896 580958
581088 581146
581564 581602
581994 582012
582473 582534
582753 582765
583075 583102
583281 583289
583440 583455
583898 583989
584428 584525
584578 584627
584980 585041
585364 585418
585424 585490
585515 585601
586084 586152
586295 586373
586855 586878
587310 587355
587390 587409
587821 587881
588232 588243
588329 588363
588519 588612
589100 589143
589241 589324
589685 589727
589814 589900
590126 590187
590597 590691
590809 590823
591320 591390
591645 591737
591903 591934
592256 592338
592638 592706
592739 592802
593075 593107
593369 593462
593961 593966
594112 594164
594464 594484
594608 594653
595135 595210
595283 595293
595759 595795
595955 596007
596390 596410
596736 596785
597205 597239
597664 597722
597925 597976
598425 598486
598737 598743
599034 599096
599166 599191
599685 599756
599814 599885
600176 600179
600502 600571
600618 600620
600829 600896
601212 601238
601530 601579
601871 601958
602290 602335
602798 602804
602920 602990
603150 603174
603232 603256
603601 603609
603717 603722
604013 604065
604350 604364
604504 604576
604953 604976
605145 605198
605406 605498
605612 605690
606053 606109
606557 606634
606703 606705
606796 606823
607249 607272
607650 607741
608023 608058
608404 608502
608865 608954
609449 609455
609555 609604
609665 609734
610163 610254
610388 610486
610926 610928
611364 611464
611582 611587
611622 611665
611842 611936
612290 612389
612825 612841
613239 613267
613395 613425
613461 613495
613773 613857
614206 614240
614453 614529
614842 614852
614945 614997
615042 615087
615215 615243
615662 615664
616028 616092
616358 616438
616755 616763
617033 617068
617241 617266
617354 617370
617780 617833
618270 618311
618445 618455
618672 618681
618772 618864
619295 619370
619542 619563
619836 619927
620086 620099
620269 620317
620800 620869
620874 620888
620959 620961
621305 621364
621371 621409
621648 621677
621847 621871
621933 621978
622236 622298
622385 622453
622702 622703
623142 623201
623451 623468
623918 623934
624132 624208
624508 624562
624612 624616
624790 624864
625111 625203
625394 625421
625495 625565
625987 626087
626334 626382
626768 626839
627185 627266
627338 627423
627473 627525
627886 627969
628033 628126
628213 628296
628409 628491
628900 628996
629048 629112
629386 629471
629690 629780
630085 630115
630532 630540
630972 630998
631377 631406
631528 631627
631761 631762
632192 632211
632604 632625
632948 632950
633360 633427
633793 633799
634205 634247
634691 634769
635225 635236
635447 635546
635771 635793
635973 636051
636320 636331
636711 636721
636901 636979
637114 637175
637448 637532
637940 638037
638432 638518
638550 638632
638975 639044
639418 639468
639709 639782
640246 640297
640592 640670
640787 640859
640946 640972
641094 641136
641302 641325
641674 641683
641732 641778
642260 642339
642419 642460
642754 642797
642844 642854
643141 643195
643268 643363
643504 643536
643694 643770
643929 644028
644094 644167
644516 644587
644729 644825
644983 644998
645393 645450
645456 645518
645521 645591
645930 645942
646158 646160
646225 646294
646442 646509
646587 646676
647096 647132
647476 647518
647738 647793
647829 647880
648131 648170
648613 648703
649058 649061
649306 649337
649412 649422
649538 649541
649569 649655
650078 650172
650218 650271
650530 650569
651056 651067
651311 651342
651358 651409
651835 651927
652339 652438
652881 652925
653004 653019
653163 653227
653449 653476
653857 653879
654050 654142
654288 654352
654505 654556
654658 654707
654721 654758
655209 655304
655720 655776
656040 656116
656424 656506
656534 656595
656664 656714
657074 657158
657271 657359
657455 657509
657887 657917
658064 658118
658434 658461
658951 658970
659279 659326
659574 659637
660070 660077
660353 660407
660463 660472
660715 660722
660866 660893
661125 661187
661248 661266
661735 661750
661811 661832
661901 661996
662086 662153
662239 662296
662723 662740
663093 663192
663194 663264
663428 663471
663712 663720
663921 663957
664187 664233
664462 664515
664829 664912
665041 665074
665337 665411
665720 665819
666007 666067
666492 666570
666969 666997
667246 667247
667357 667416
667771 667805
668256 668324
668527 668582
669062 669157
669400 669448
669812 669887
670075 670159
670379 670424
670524 670613
670942 671000
671218 671271
671672 671700
671735 671752
672146 672180
672317 672375
672468 672486
672820 672899
673395 673461
673900 673983
674105 674116
674425 674464
674771 674810
675289 675357
675748 675802
676212 676288
676750 676836
677087 677134
677558 677644
677923 678001
678129 678161
678203 678224
678465 678525
678950 678966
679299 679348
679445 679449
679810 679832
680090 680144
680444 680450
680484 680511
680546 680610
680693 680711
681039 681138
681182 681239
681274 681331
681766 681854
682349 682446
682610 682644
682969 683034
683421 683461
683621 683636
683918 683934
684145 684212
684362 684447
684827 684899
684994 685016
685470 685492
685498 685597
686051 686112
686211 686290
686362 686386
686471 686492
686785 686881
687014 687069
687424 687515
687642 687650
687895 687974
688031 688128
688460 688502
688641 688724
688833 688867
689185 689266
689674 689715
690142 690235
690448 690505
691004 691058
691385 691412
691855 691885
692054 692081
692374 692433
692893 692940
693284 693332
693566 693619
693902 693960
694312 694350
694470 694562
694866 694955
695095 695125
695601 695678
695858 695898
695947 696024
696298 696353
696452 696515
696639 696702
696779 696828
697065 697130
697431 697514
697549 697627
697822 697853
698110 698199
698284 698286
698737 698756
698819 698848
698869 698964
699021 699105
699107 699109
699440 699459
699554 699630
699959 700000
700490 700497
700933 700950
700981 701059
701068 701112
701281 701361
701735 701757
702089 702134
702599 702606
702836 702849
703193 703212
703448 703501
703658 703721
703835 703886
703971 703987
704418 704477
704526 704531
704857 704952
705371 705447
705875 705899
706068 706136
706247 706344
706558 706593
706902 706927
707021 707064
707489 707521
707690 707705
707801 707879
708182 708184
708373 708456
708742 708785
708847 708861
709310 709328
709569 709587
709777 709801
709870 709915
710367 710454
710910 710970
711370 711422
711506 711524
711889 711915
712330 712424
712539 712581
712843 712927
713012 713024
713224 713272
713652 713715
714004 714038
714058 714067
714332 714395
714825 714890
715213 715286
715606 715683
716150 716232
716366 716420
716527 716619
717049 717087
717547 717626
717657 717673
717868 717899
718094 718130
718241 718289
718304 718325
718505 718592
719073 719130
719566 719641
719952 719988
720252 720258
720376 720388
720806 720849
721183 721213
721274 721370
721762 721776
721793 721892
722149 722158
722378 722467
722623 722661
722700 722758
723209 723291
723722 723764
723885 723975
724314 724339
724442 724495
724757 724831
724908 724993
725225 725251
725337 725424
725781 725825
725929 725940
726202 726264
726425 726503
726768 726808
726818 726860
727017 727020
727213 727278
727641 727663
727726 727756
728202 728212
728648 728732
729054 729105
729256 729282
729413 729505
729970 729996
730415 730438
730710 730764
731132 731219
731687 731707
732074 732119
732251 732278
732553 732601
732795 732890
733367 733423
733742 733807
734080 734100
734447 734531
734914 734972
735377 735430
735570 735593
735710 735727
735844 735903
736085 736097
736514 736549
736877 736926
737420 737460
737808 737837
738200 738290
738744 738751
739168 739211
739561 739585
739875 739960
740006 740069
740542 740555
740794 740878
741185 741261
741636 741652
741854 741892
741959 742014
742071 742159
742175 742274
742617 742668
742737 742831
742955 743030
743237 743304
743336 743391
743889 743934
744299 744357
744552 744625
744715 744791
745284 745292
745556 745565
746053 746074
746264 746329
746561 746610
746623 746681
747141 747232
747639 747701
747962 748036
748250 748300
748331 748337
748580 748648
748861 748866
749245 749261
749529 749573
750029 750063
750498 750529
750810 750826
751049 751113
751582 751633
752030 752094
752158 752187
752235 752333
752777 752848
753184 753278
753434 753523
753952 754021
754060 754116
754137 754165
754543 754583
754853 754911
755094 755182
755355 755393
755461 755515
755727 755812
755890 755980
756258 756314
756477 756539
756638 756690
756856 756936
757074 757124
757320 757364
757806 757813
758011 758056
758340 758438
758720 758785
759038 759118
759501 759527
759855 759929
760409 760485
760491 760522
760934 760965
761228 761316
761623 761688
761893 761935
762152 762218
762405 762479
762813 762906
763188 763257
763478 763499
763796 763886
764325 764416
764589 764601
764711 764781
765254 765318
765468 765475
765634 765691
766044 766053
766443 766490
766856 766937
767028 767113
767562 767597
767917 768005
768278 768331
768590 768679
768773 768859
768972 768996
769341 769371
769574 769618
769810 769817
770068 770132
770300 770306
770547 770583
770772 770805
771028 771044
771101 771113
771557 771596
771974 771975
772258 772308
772323 772370
772639 772718
773204 773225
773647 773660
773996 774004
774335 774405
774538 774564
774632 774720
775110 775196
775549 775594
775637 775685
775986 776055
776306 776340
776392 776450
776458 776490
776857 776858
776974 776987
777337 777400
777522 777530
777796 777852
778122 778139
778583 778661
779028 779056
779088 779161
779378 779477
779490 779580
779912 779926
780374 780453
780626 780639
781008 781042
781357 781377
781572 781660
781995 782073
782435 782494
782991 783024
783338 783354
783417 783491
783886 783947
784185 784260
784463 784494
784775 784797
784868 784872
785049 785072
785083 785174
785607 785640
785810 785895
786315 786317
786605 786689
787158 787223
787611 787701
788069 788108
788365 788416
788616 788701
788712 788750
788823 788878
789288 789295
789769 789850
789941 789991
790463 790529
790900 790920
791296 791315
791447 791527
791548 791550
792040 792131
792443 792485
792742 792748
792821 792894
793305 793393
793870 793885
794058 794072
794081 794097
794129 794146
794543 794609
794635 794693
794801 794841
794983 795020
795499 795592
795930 795942
796251 796279
796739 796797
796877 796962
797320 797325
797339 797439
797874 797920
798002 798101
798504 798544
798633 798652
798678 798715
798943 798978
799357 799448
799792 799812
799966 800021
800319 800346
800702 800779
801032 801086
801483 801488
801967 802012
802160 802187
802439 802505
802527 802615
803103 803192
803502 803559
803577 803618
803732 803795
803961 804024
804183 804243
804283 804353
804787 804832
805287 805331
805364 805411
805631 805665
806071 806142
806252 806320
806658 806752
806797 806824
807045 807065
807560 807597
807711 807761
807815 807834
808112 808165
808309 808397
808856 808884
808937 808990
809314 809406
809476 809511
809541 809619
809774 809783
809902 809936
809947 809978
810167 810208
810695 810718
811105 811190
811505 811559
812036 812109
812473 812561
812777 812789
812956 813028
813424 813453
813564 813616
813822 813891
814176 814228
814461 814528
814539 814588
814885 814911
815116 815138
815343 815362
815397 815481
815812 815863
815956 816001
816461 816556
817002 817011
817252 817350
817529 817544
817821 817898
818383 818448
818583 818652
818762 818823
818961 819006
819135 819164
819247 819273
819608 819649
820110 820196
820440 820466
820676 820703
821091 821172
821302 821340
821752 821782
822060 822126
822454 822485
822676 822754
822789 822819
823230 823268
823729 823807
823895 823901
824363 824365
824448 824472
824719 824757
825172 825241
825713 825782
825845 825898
826105 826161
826595 826661
826983 827028
827247 827256
827532 827625
827788 827877
827963 828029
828123 828178
828295 828351
828778 828786
829044 829047
829485 829527
829708 829721
830175 830261
830730 830788
831055 831073
831471 831487
831659 831745
832032 832080
832463 832559
832729 832769
833024 833103
833592 833646
833787 833818
834026 834061
834119 834182
834490 834498
834630 834690
835027 835073
835373 835407
835559 835630
835793 835876
835995 836094
836358 836413
836509 836558
836849 836921
837409 837506
837876 837897
837983 838061
838376 838425
838840 838934
839011 839050
839424 839485
839533 839607
839840 839922
840370 840388
840455 840512
840675 840691
840924 840927
841260 841288
841617 841641
841808 841824
842023 842103
842429 842515
842884 842921
843145 843242
843682 843753
844087 844162
844342 844352
844731 844760
844972 844988
845434 845442
845813 845909
846376 846432
846734 846746
846929 846991
846995 847026
847195 847249
847530 847580
847679 847680
848032 848130
848551 848614
849004 849095
849425 849493
849560 849572
849958 849980
850009 850096
850243 850268
850387 850449
850604 850636
851094 851131
851478 851506
851595 851620
851713 851776
852170 852201
852494 852501
852793 852887
853217 853309
853501 853598
853774 853842
854262 854313
854711 854794
855227 855264
855562 855638
856122 856179
856627 856665
856959 856972
857412 857460
857473 857494
857854 857863
858020 858059
858254 858305
858448 858535
858753 858771
858963 859001
859482 859542
859585 859601
859985 860080
860493 860528
860928 860975
861235 861309
861623 861681
861785 861877
862251 862289
862569 862615
862718 862749
862998 863055
863487 863497
863972 864046
864408 864501
864798 864812
865130 865209
865429 865490
865899 865998
866141 866162
866452 866552
867023 867100
867419 867495
867840 867919
868240 868330
868537 868612
868953 868985
869410 869450
869771 869799
870078 870094
870196 870291
870690 870708
870992 871046
871345 871431
871749 871808
871961 872027
872227 872234
872334 872428
872614 872678
872931 872987
873337 873395
873638 873724
873846 873941
873967 874020
874144 874185
874269 874313
874769 874779
875206 875209
875508 875608
875930 875948
876323 876421
876501 876522
876592 876658
876709 876714
877016 877024
877275 877308
877357 877410
877556 877613
878090 878120
878582 878652
878960 879048
879373 879401
879683 879704
879898 879949
880209 880289
880642 880645
880958 881040
881118 881208
881446 881468
881697 881784
882278 882378
882842 882873
883294 883353
883640 883657
883741 883771
884258 884340
884358 884404
884509 884512
884902 884972
885278 885340
885836 885914
886165 886177
886229 886277
886407 886498
886543 886558
886584 886678
886921 886959
887295 887322
887528 887601
888026 888080
888088 888119
888587 888596
889023 889120
889538 889623
889866 889961
890297 890379
890626 890722
891030 891090
891300 891378
891846 891917
892324 892384
892839 892939
893270 893321
893630 893722
894126 894170
894213 894219
894371 894402
894635 894726
895051 895148
895209 895221
895358 895394
895452 895543
895694 895758
895900 895952
895965 896043
896516 896556
896846 896907
897276 897315
897813 897885
897899 897998
898002 898059
898478 898557
898656 898664
899100 899187
899438 899451
899471 899563
899663 899701
900000 900083
900424 900508
900855 900910
901332 901357
901410 901427
901905 901932
902275 902338
902740 902821
903105 903128
903416 903457
903906 903961
904411 904486
904511 904516
904627 904704
904880 904967
905004 905033
905339 905386
905670 905694
906056 906112
906141 906189
906484 906493
906844 906907
907227 907246
907492 907519
908016 908048
908235 908242
908338 908382
908641 908692
908815 908825
909203 909229
909413 909496
909586 909678
909975 909985
910000 910024
910312 910346
910828 910893
910895 910989
911040 911048
911429 911485
911923 911952
912319 912410
912510 912534
913025 913049
913251 913347
913423 913502
913848 913886
913980 914013
914424 914447
914837 914904
915026 915104
915528 915549
915667 915699
915954 915976
916147 916161
916491 916570
916668 916741
916784 916796
917030 917093
917156 917179
917282 917343
917442 917472
917731 917798
917977 918047
918282 918299
918514 918576
918698 918715
918987 919076
919399 919419
919565 919602
920060 920107
920505 920575
920796 920877
921005 921082
921134 921205
921273 921309
921770 921789
922097 922174
922511 922518
922588 922619
922760 922843
922895 922952
923200 923262
923442 923542
923818 923844
924078 924092
924413 924500
924767 924772
924779 924845
925255 925257
925631 925643
925778 925802
926121 926188
926669 926766
926806 926889
927388 927462
927660 927661
927793 927826
928132 928223
928654 928740
929226 929243
929711 929758
929793 929883
930203 930252
930511 930514
930917 930996
931218 931255
931580 931603
932033 932123
932143 932182
932532 932598
932643 932684
932920 933012
933334 933378
933459 933519
933939 933994
934370 934420
934583 934664
935002 935100
935536 935598
936031 936053
936449 936485
936542 936574
936724 936758
936960 937036
937400 937482
937980 937999
938436 938514
938892 938912
939049 939064
939349 939384
939436 939510
939847 939848
939870 939943
940337 940353
940739 940784
940921 940938
941311 941380
941693 941714
942158 942235
942424 942478
942959 942975
942997 943038
943280 943355
943365 943444
943755 943790
943969 944015
944154 944212
944433 944506
944620 944639
945030 945077
945245 945341
945745 945813
946236 946326
946618 946716
946727 946771
946888 946974
947381 947402
947630 947639
947867 947918
947961 948055
948325 948421
948660 948688
949025 949115
949278 949293
949755 949776
950159 950177
950296 950348
950514 950549
950985 951009
951278 951358
951552 951591
951897 951970
952177 952257
952327 952363
952426 952432
952644 952661
952741 952772
953073 953154
953530 953563
954021 954114
954399 954401
954770 954776
954932 955011
955112 955202
955278 955307
955618 955659
956147 956158
956453 956488
956809 956864
957194 957252
957554 957557
957574 957580
957719 957734
957947 958010
958368 958406
958417 958505
958629 958712
958866 958885
959229 959233
959626 959650
959720 959778
959989 960008
960010 960106
960448 960488
960648 960675
960820 960859
961344 961416
961457 961463
961713 961732
962019 962100
962570 962580
962757 962839
963228 963310
963621 963692
963740 963744
964150 964214
964238 964319
964609 964706
964767 964809
964892 964918
965214 965273
965681 965740
966206 966287
966693 966729
967157 967178
967599 967698
967961 968020
968383 968445
968614 968643
969127 969222
969316 969359
969722 969746
969863 969875
970184 970200
970428 970436
970468 970481
970607 970666
971143 971211
971701 971781
972123 972208
972536 972627
973075 973131
973414 973490
973795 973802
974175 974207
974387 974435
974552 974605
974656 974675
974702 974793
974803 974844
975332 975346
975402 975404
975643 975715
975754 975801
976102 976195
976200 976220
976500 976585
976838 976854
977089 977146
977191 977279
977298 977329
977803 977808
978032 978050
978125 978157
978618 978716
979066 979143
979272 979308
979441 979453
979843 979918
980069 980095
980258 980352
980615 980677
980759 980771
981127 981153
981312 981368
981819 981831
982199 982214
982650 982685
982880 982906
983073 983137
983572 983583
983726 983772
984144 984227
984432 984466
984689 984788
984936 985020
985168 985261
985559 985567
986007 986040
986395 986474
986754 986850
986991 987076
987144 987147
987417 987496
987879 987922
988207 988276
988281 988336
988717 988738
988861 988901
988963 988986
989180 989234
989250 989296
989350 989416
989750 989763
990090 990155
990516 990586
991020 991111
991147 991151
991192 991228
991407 991463
991519 991591
991829 991883
992246 992282
992297 992308
992372 992438
992780 992790
993189 993284
993469 993548
994041 994075
994130 994227
994242 994322
994557 994652
994849 994891
994943 994975
995181 995239
995521 995554
995923 995968
996215 996274
996618 996619
996973 997038
997237 997319
997624 997660
997794 997873
998271 998338
998688 998766
999171 999220
999323 999371
999471 999491
999567 999615
999633 999690
1000000 1000007
1000476 1000560
1000587 1000611
1000693 1000791
1000921 1000927
1001342 1001360
1001463 1001540
1001836 1001863
1001920 1001983
1002052 1002119
1002191 1002213
1002250 1002336
1002674 1002708
1003085 1003152
1003478 1003501
1003970 1003992
1004442 1004469
1004801 1004886
1004927 1005000
1005330 1005356
1005455 1005510
1005535 1005631
1005950 1006008
1006166 1006178
1006226 1006286
1006411 1006494
1006556 1006614
1006865 1006938
1007120 1007201
1007610 1007681
1007774 1007845
1007922 1008005
1008154 1008189
1008318 1008401
1008847 1008886
1008895 1008942
1009323 1009407
1009723 1009737
1010002 1010057
1010116 1010155
1010593 1010667
1010767 1010821
1011177 1011221
1011412 1011433
1011452 1011524
1011551 1011617
1011836 1011850
1011889 1011899
1012144 1012234
1012459 1012465
1012565 1012591
1012903 1012932
1013365 1013388
1013810 1013897
1013942 1014001
1014094 1014182
1014198 1014282
1014700 1014736
1015126 1015182
1015578 1015603
1015996 1016004
1016317 1016384
1016664 1016751
1016991 1017026
1017324 1017349
1017433 1017441
1017789 1017849
1018300 1018368
1018590 1018658
1018674 1018693
1019132 1019198
1019499 1019518
1019774 1019830
1020081 1020171
1020609 1020655
1020907 1020911
1021394 1021454
1021624 1021703
1021838 1021887
1022372 1022406
1022879 1022927
1023016 1023090
1023475 1023489
1023604 1023697
1024196 1024217
1024277 1024332
1024522 1024537
1024591 1024607
1024828 1024888
1025014 1025020
1025255 1025271
1025510 1025605
1026103 1026132
1026528 1026579
1026623 1026656
1026664 1026719
1026772 1026822
1027148 1027211
1027568 1027569
1027929 1027941
1028426 1028452
1028621 1028675
1028702 1028762
1029069 1029073
1029504 1029551
1029737 1029830
1030006 1030054
1030231 1030253
1030346 1030419
1030752 1030847
1031268 1031300
1031564 1031605
1031959 1032025
1032048 1032105
1032139 1032198
1032337 1032431
1032478 1032485
1032715 1032766
1032910 1032949
1033060 1033088
1033582 1033673
1033930 1033976
1034034 1034110
1034480 1034557
1034723 1034729
1035212 1035260
1035407 1035503
1035981 1036030
1036484 1036529
1036551 1036558
1036710 1036760
1037168 1037249
1037642 1037671
1037772 1037812
1037962 1038049
1038284 1038338
1038645 1038744
1038996 1039030
1039293 1039295
1039476 1039511
1039524 1039593
1039990 1040077
1040378 1040440
1040822 1040899
1040995 1041022
1041113 1041148
1041226 1041247
1041506 1041542
1041995 1042062
1042227 1042238
1042242 1042335
1042673 1042719
1042947 1042962
1043401 1043472
1043648 1043662
1043777 1043781
1044192 1044237
1044521 1044531
1044696 1044704
1045058 1045103
1045601 1045617
1046050 1046142
1046605 1046632
1046906 1046921
1047139 1047194
1047303 1047326
1047447 1047511
1047663 1047700
1048144 1048160
1048340 1048391
1048424 1048481
1048839 1048877
1049166 1049191
1049387 1049419
1049837 1049910
1050236 1050258
1050512 1050590
1050818 1050907
1051340 1051399
1051605 1051615
1051706 1051724
1051935 1052018
1052155 1052186
1052194 1052259
1052705 1052760
1052964 1052976
1053324 1053331
1053449 1053518
1053550 1053566
1054005 1054069
1054392 1054419
1054741 1054828
1055113 1055149
1055618 1055669
1056003 1056012
1056231 1056289
1056510 1056601
1057066 1057083
1057218 1057259
1057387 1057472
1057538 1057600
1058093 1058113
1058333 1058361
1058709 1058779
1059114 1059155
1059314 1059340
1059564 1059579
1059842 1059925
1060020 1060089
1060134 1060180
1060352 1060424
1060777 1060849
1061152 1061185
1061282 1061349
1061819 1061845
1062289 1062334
1062597 1062639
1062709 1062744
1062775 1062841
1063296 1063333
1063688 1063754
1063953 1064011
1064177 1064205
1064445 1064532
1064814 1064885
1065347 1065374
1065470 1065553
1065633 1065705
1065710 1065807
1065842 1065876
1065944 1066006
1066132 1066134
1066467 1066547
1066965 1067022
1067170 1067227
1067710 1067727
1067854 1067894
1067966 1068040
1068246 1068341
1068689 1068695
1068785 1068828
1069091 1069185
1069483 1069549
1069878 1069900
1070054 1070153
1070245 1070333
1070537 1070566
1070984 1071039
1071242 1071295
1071787 1071882
1072264 1072357
1072570 1072592
1072853 1072894
1073301 1073323
1073414 1073501
1073976 1074009
1074485 1074582
1074803 1074870
1074994 1075043
1075540 1075554
1075796 1075825
1076109 1076129
1076213 1076285
1076611 1076688
1077117 1077214
1077531 1077592
1077747 1077754
1077916 1077946
1078328 1078410
1078554 1078652
1078790 1078832
1079188 1079191
1079308 1079325
1079732 1079811
1080264 1080340
1080454 1080481
1080677 1080755
1080759 1080829
1081047 1081088
1081162 1081238
1081279 1081280
1081774 1081870
1082104 1082181
1082542 1082553
1083035 1083115
1083378 1083440
1083732 1083753
1084134 1084197
1084459 1084548
1084747 1084798
1085080 1085106
1085376 1085462
1085656 1085697
1085797 1085828
1086087 1086123
1086293 1086325
1086751 1086835
1086904 1086957
1087013 1087070
1087487 1087500
1087741 1087802
1088131 1088139
1088324 1088342
1088555 1088591
1088822 1088844
1088989 1089062
1089371 1089414
1089593 1089691
1089830 1089909
1090047 1090088
1090236 1090294
1090540 1090598
1091018 1091067
1091108 1091183
1091640 1091701
1092140 1092236
1092451 1092494
1092582 1092664
1092960 1093001
1093472 1093552
1093765 1093850
1094080 1094153
1094549 1094603
1094615 1094653
1094786 1094848
1094858 1094867
1095178 1095237
1095646 1095701
1096097 1096171
1096177 1096186
1096645 1096740
1096983 1097063
1097359 1097405
1097897 1097970
1098388 1098476
1098801 1098834
1099145 1099190
1099414 1099436
1099781 1099785
1100109 1100187
1100268 1100363
1100476 1100536
1100821 1100857
1101036 1101075
1101160 1101248
1101263 1101266
1101702 1101744
1102167 1102175
1102283 1102376
1102635 1102670
1102916 1102966
1103461 1103524
1103549 1103558
1104008 1104053
1104261 1104266
1104280 1104306
1104406 1104461
1104582 1104595
1104596 1104692
1104762 1104775
1105013 1105075
1105315 1105361
1105400 1105445
1105605 1105653
1106063 1106072
1106460 1106524
1106974 1107040
1107506 1107585
1107677 1107725
1107839 1107927
1107948 1108034
1108068 1108104
1108333 1108360
1108686 1108688
1109028 1109128
1109518 1109612
1109825 1109923
1110297 1110366
1110705 1110752
1111220 1111314
1111358 1111416
1111880 1111920
1112308 1112349
1112541 1112546
1112822 1112898
1113252 1113348
1113610 1113656
1114052 1114118
1114441 1114508
1114896 1114968
1115139 1115191
1115298 1115337
1115497 1115516
1115562 1115582
1115769 1115777
1115867 1115936
1116027 1116053
1116470 1116532
1116635 1116668
1117165 1117253
1117515 1117559
1117667 1117732
1118081 1118108
1118137 1118201
1118551 1118594
1118939 1119008
1119259 1119303
1119572 1119592
1120018 1120076
1120568 1120656
1120905 1120944
1121103 1121160
1121278 1121283
1121769 1121817
1122218 1122254
1122395 1122451
1122928 1122989
1123264 1123334
1123343 1123362
1123775 1123842
1124033 1124102
1124213 1124231
1124554 1124586
1124907 1124978
1125243 1125283
1125618 1125653
1126047 1126062
1126467 1126560
1126802 1126811
1127077 1127121
1127530 1127539
1127945 1127974
1128070 1128162
1128518 1128586
1128864 1128898
1129017 1129079
1129101 1129164
1129314 1129323
1129527 1129590
1129690 1129716
1130127 1130202
1130484 1130566
1130708 1130787
1130977 1130979
1131138 1131155
1131349 1131360
1131802 1131879
1132090 1132151
1132606 1132637
1133011 1133024
1133048 1133073
1133563 1133568
1133842 1133848
1134250 1134256
1134298 1134322
1134782 1134817
1135183 1135255
1135461 1135483
1135927 1135943
1136143 1136224
1136614 1136662
1136956 1137001
1137311 1137331
1137828 1137863
1138183 1138259
1138510 1138519
1138864 1138884
1139110 1139161
1139532 1139627
1139925 1139958
1139997 1140063
1140387 1140400
1140505 1140589
1140777 1140875
1141097 1141158
1141190 1141284
1141562 1141579
1141794 1141819
1141946 1142031
1142477 1142502
1143000 1143038
1143102 1143109
1143604 1143608
1144062 1144086
1144566 1144624
1145027 1145058
1145440 1145534
1145789 1145821
1146162 1146213
1146314 1146389
1146552 1146599
1146795 1146856
1147175 1147194
1147664 1147718
1147939 1147980
1148319 1148411
1148513 1148595
1148825 1148910
1149135 1149171
1149278 1149369
1149532 1149622
1149769 1149782
1150178 1150249
1150596 1150634
1151002 1151095
1151163 1151203
1151292 1151307
1151638 1151721
1151773 1151792
1151876 1151952
1152433 1152450
1152559 1152599
1152934 1152942
1153427 1153506
1153579 1153675
1153792 1153862
1154115 1154157
1154292 1154296
1154649 1154749
1155081 1155099
1155334 1155388
1155816 1155821
1156289 1156314
1156375 1156471
1156758 1156815
1157132 1157204
1157457 1157499
1157715 1157740
1157804 1157869
1157890 1157969
1158016 1158018
1158438 1158453
1158478 1158538
1158813 1158824
1159143 1159150
1159519 1159561
1159862 1159863
1160010 1160094
1160129 1160144
1160357 1160410
1160490 1160532
1160690 1160702
1161003 1161069
1161208 1161290
1161657 1161722
1161968 1161990
1162347 1162384
1162447 1162454
1162703 1162745
1163075 1163109
1163475 1163477
1163684 1163704
1163788 1163866
1164311 1164377
1164643 1164691
1164866 1164949
1165113 1165129
1165488 1165525
1165977 1166024
1166111 1166210
1166570 1166601
1166826 1166834
1167292 1167320
1167578 1167603
1167685 1167696
1168068 1168071
1168176 1168223
1168235 1168263
1168748 1168848
1169238 1169268
1169378 1169394
1169469 1169521
1169678 1169767
1169863 1169932
1170368 1170446
1170504 1170579
1170774 1170857
1170943 1171028
1171424 1171471
1171853 1171953
1172326 1172403
1172880 1172900
1172912 1172966
1173416 1173453
1173730 1173816
1174025 1174052
1174500 1174552
1175006 1175012
1175090 1175169
1175179 1175235
1175330 1175402
1175665 1175681
1175962 1175976
1176299 1176352
1176545 1176572
1176600 1176606
1177006 1177031
1177331 1177353
1177849 1177866
1177951 1178030
1178168 1178224
1178527 1178607
1178751 1178776
1179140 1179232
1179605 1179662
1179938 1179994
1180273 1180315
1180357 1180361
1180464 1180494
1180692 1180790
1181085 1181089
1181485 1181556
1181797 1181818
1182224 1182256
1182324 1182353
1182680 1182712
1182746 1182820
1183181 1183237
1183275 1183288
1183639 1183687
1183762 1183854
1184224 1184240
1184579 1184584
1184852 1184856
1184896 1184977
1185266 1185300
1185691 1185720
1185900 1185957
1186019 1186041
1186194 1186195
1186651 1186677
1186944 1187037
1187281 1187307
1187725 1187795
1188104 1188119
1188527 1188549
1188584 1188678
1189171 1189196
1189606 1189673
1189982 1190018
1190430 1190438
1190697 1190711
1190893 1190917
1190921 1190970
1190999 1191096
1191237 1191335
1191660 1191700
1191822 1191896
1192070 1192092
1192259 1192300
1192573 1192597
1192760 1192824
1192878 1192908
1193147 1193223
1193633 1193644
1194094 1194190
1194435 1194468
1194597 1194680
1195081 1195177
1195429 1195522
1195559 1195599
1195680 1195705
1196032 1196094
1196243 1196298
1196575 1196603
1196697 1196766
1197224 1197283
1197489 1197542
1197867 1197903
1198192 1198257
1198645 1198732
1199231 1199309
1199788 1199846
1199957 1200054
1200228 1200321
1200465 1200493
1200796 1200892
1201376 1201401
1201840 1201923
1202171 1202178
1202218 1202231
1202284 1202335
1202554 1202589
1202621 1202668
1202859 1202903
1203317 1203349
1203388 1203431
1203586 1203627
1203791 1203887
1204126 1204225
1204474 1204500
1204548 1204569
1204873 1204914
1204919 1204961
1205078 1205081
1205547 1205571
1205658 1205718
1205844 1205879
1206219 1206263
1206629 1206707
1207189 1207219
1207227 1207268
1207476 1207505
1207779 1207838
1208115 1208150
1208300 1208358
1208459 1208494
1208885 1208944
1209178 1209248
1209635 1209681
1209890 1209956
1210235 1210250
1210603 1210627
1211091 1211187
1211678 1211769
1212203 1212258
1212437 1212485
1212929 1212989
1213437 1213512
1213638 1213641
1213645 1213731
1214026 1214066
1214390 1214457
1214805 1214826
1214988 1214991
1215393 1215408
1215851 1215921
1216003 1216066
1216420 1216510
1216646 1216713
1217211 1217267
1217338 1217410
1217617 1217665
1217896 1217988
1218184 1218251
1218630 1218695
1218991 1219028
1219159 1219183
1219648 1219710
1219772 1219794
1219822 1219836
1220234 1220327
1220782 1220815
1220948 1220974
1221348 1221438
1221727 1221747
1222111 1222188
1222367 1222455
1222947 1222981
1223157 1223172
1223340 1223369
1223602 1223672
1224165 1224249
1224576 1224659
1224925 1225003
1225488 1225583
1226053 1226151
1226248 1226300
1226620 1226624
1227051 1227144
1227185 1227230
1227393 1227433
1227487 1227495
1227870 1227970
1228373 1228453
1228828 1228842
1229326 1229401
1229626 1229701
1229774 1229870
1230134 1230168
1230448 1230511
1230860 1230922
1230991 1231018
1231385 1231394
1231812 1231863
1232211 1232292
1232744 1232843
1233196 1233267
1233596 1233612
1233893 1233906
1234083 1234169
1234316 1234395
1234887 1234903
1235241 1235253
1235324 1235418
1235591 1235649
1235956 1235961
1236048 1236130
1236511 1236527
1236774 1236804
1237294 1237299
1237448 1237518
1237895 1237922
1238396 1238448
1238646 1238743
1238766 1238782
1238903 1238920
1238958 1238987
1239010 1239038
1239513 1239527
1239838 1239875
1240178 1240227
1240724 1240762
1241226 1241244
1241254 1241284
1241728 1241807
1241924 1241946
1242074 1242089
1242318 1242382
1242451 1242522
1242966 1243005
1243360 1243408
1243518 1243611
1243737 1243798
1243830 1243837
1244142 1244174
1244618 1244639
1244644 1244673
1244795 1244824
1244949 1244970
1245054 1245120
1245437 1245519
1245609 1245642
1245916 1245999
1246424 1246512
1246522 1246575
1246719 1246767
1247039 1247065
1247095 1247141
1247489 1247515
1247709 1247710
1248131 1248182
1248456 1248477
1248929 1248944
1249436 1249444
1249686 1249742
1250203 1250227
1250425 1250495
1250888 1250970
1251073 1251087
1251579 1251656
1252133 1252229
1252563 1252565
1252628 1252647
1252986 1252990
1253230 1253307
1253586 1253669
1254097 1254144
1254485 1254557
1254898 1254916
1255109 1255117
1255469 1255499
1255646 1255681
1256130 1256142
1256191 1256250
1256679 1256687
1257083 1257100
1257375 1257413
1257860 1257958
1258313 1258396
1258867 1258940
1259263 1259358
1259430 1259469
1259919 1259945
1260281 1260310
1260804 1260806
1260952 1260956
1261403 1261490
1261685 1261736
1261898 1261938
1262112 1262135
1262446 1262516
1262972 1263054
1263416 1263493
1263864 1263930
1264394 1264446
1264590 1264617
1264735 1264782
1264823 1264852
1265201 1265204
1265689 1265766
1265873 1265944
1266019 1266059
1266253 1266271
1266632 1266703
1266956 1267015
1267486 1267504
1267668 1267757
1268160 1268204
1268289 1268345
1268518 1268574
1268739 1268745
1269245 1269249
1269384 1269435
1269580 1269661
1269969 1269987
1270162 1270243
1270338 1270354
1270802 1270840
1271177 1271249
1271616 1271651
1272065 1272098
1272534 1272572
1272587 1272630
1272995 1273026
1273346 1273361
1273514 1273575
1273817 1273900
1274277 1274288
1274661 1274712
1275056 1275136
1275339 1275413
1275584 1275636
1276069 1276150
1276530 1276587
1276706 1276714
1276744 1276762
1277162 1277173
1277356 1277422
1277445 1277540
1277735 1277747
1278219 1278290
1278405 1278431
1278608 1278655
1278834 1278888
1278962 1279051
1279172 1279214
1279472 1279532
1279645 1279685
1279836 1279852
1280253 1280337
1280651 1280739
1280796 1280831
1280871 1280961
1281243 1281259
1281516 1281535
1281658 1281687
1281704 1281763
1281793 1281808
1282231 1282330
1282485 1282577
1282640 1282724
1282849 1282911
1283248 1283316
1283798 1283819
1283857 1283947
1284351 1284443
1284917 1284921
1284977 1285003
1285166 1285178
1285416 1285496
1285575 1285578
1285620 1285707
1286056 1286119
1286480 1286559
1287018 1287109
1287539 1287591
1287803 1287845
1288103 1288158
1288448 1288489
1288851 1288931
1289304 1289319
1289630 1289652
1290076 1290141
1290260 1290338
1290659 1290683
1290781 1290844
1291180 1291203
1291613 1291689
1291821 1291853
1292159 1292196
1292586 1292596
1292777 1292795
1292892 1292895
1292937 1293018
1293246 1293265
1293722 1293755
1293789 1293884
1294370 1294446
1294557 1294647
1294929 1295018
1295085 1295121
1295551 1295558
1295700 1295789
1295957 1295993
1296373 1296394
1296583 1296612
1296976 1297034
1297138 1297202
1297289 1297384
1297818 1297883
1298279 1298348
1298618 1298646
1299061 1299110
1299388 1299454
1299595 1299666
1299689 1299699
1300127 1300184
1300439 1300492
1300809 1300878
1301148 1301239
1301388 1301401
1301463 1301467
1301830 1301913
1302088 1302174
1302324 1302420
1302529 1302541
1302943 1303014
1303391 1303452
1303494 1303581
1304074 1304167
1304574 1304636
1304910 1304928
1305196 1305287
1305422 1305518
1305747 1305823
1306238 1306310
1306622 1306624
1306735 1306782
1307269 1307300
1307302 1307372
1307835 1307847
1308004 1308008
1308287 1308352
1308378 1308466
1308954 1309005
1309485 1309550
1309899 1309957
1310074 1310085
1310133 1310164
1310249 1310261
1310693 1310701
1310898 1310923
1311054 1311152
1311368 1311434
1311898 1311933
1312278 1312288
1312711 1312744
1312832 1312892
1313333 1313374
1313735 1313762
1313882 1313980
1314287 1314297
1314504 1314518
1314989 1315075
1315558 1315608
1315848 1315860
1316295 1316384
1316876 1316935
1316997 1317094
1317211 1317256
1317326 1317423
1317428 1317476
1317878 1317915
1317992 1318031
1318098 1318129
1318444 1318537
1318698 1318709
1318745 1318831
1319044 1319115
1319298 1319388
1319439 1319480
1319929 1320021
1320161 1320163
1320637 1320652
1320848 1320914
1321296 1321348
1321618 1321647
1321865 1321958
1322076 1322161
1322505 1322532
1322547 1322622
1322707 1322734
1323083 1323085
1323518 1323545
1323673 1323749
1324124 1324171
1324193 1324201
1324496 1324521
1324880 1324917
1325057 1325149
1325538 1325597
1325979 1326048
1326150 1326194
1326619 1326712
1326760 1326843
1327209 1327231
1327561 1327652
1328104 1328168
1328230 1328287
1328633 1328696
1329135 1329139
1329418 1329433
1329583 1329669
1329940 1329974
1330423 1330521
1330993 1331017
1331072 1331133
1331608 1331613
1331768 1331810
1331929 1332011
1332281 1332312
1332588 1332616
1332905 1332915
1333089 1333185
1333555 1333642
1333675 1333679
1333946 1333970
1334172 1334224
1334377 1334457
1334653 1334708
1334709 1334743
1334981 1335078
1335229 1335248
1335444 1335525
1335620 1335660
1335954 1335957
1336441 1336454
1336949 1336965
1337246 1337315
1337539 1337635
1337754 1337810
1338135 1338190
1338332 1338413
1338755 1338769
1339015 1339091
1339164 1339171
1339312 1339378
1339833 1339876
1340309 1340353
1340843 1340914
1341348 1341426
1341492 1341563
1342002 1342042
1342156 1342254
1342712 1342715
1343087 1343185
1343517 1343523
1343939 1343978
1344276 1344303
1344638 1344670
1344737 1344820
1344822 1344908
1345040 1345139
1345383 1345399
1345556 1345598
1346036 1346114
1346433 1346461
1346614 1346661
1346944 1347039
1347249 1347291
1347578 1347638
1347764 1347771
1348063 1348100
1348470 1348548
1348722 1348771
1349131 1349201
1349591 1349626
1349849 1349900
1350304 1350350
1350683 1350737
1351008 1351042
1351353 1351404
1351467 1351536
1351703 1351715
1351810 1351839
1352091 1352112
1352556 1352613
1353030 1353118
1353531 1353564
1353938 1353945
1354028 1354114
1354525 1354530
1354947 1355039
1355306 1355321
1355512 1355540
1355560 1355573
1355926 1355949
1356190 1356252
1356318 1356340
1356375 1356462
1356586 1356649
1356992 1357031
1357400 1357446
1357498 1357555
1357791 1357808
1358090 1358104
1358459 1358511
1358729 1358732
1358856 1358890
1359178 1359271
1359523 1359545
1359730 1359794
1359836 1359888
1359961 1360059
1360220 1360295
1360575 1360658
1360750 1360762
1361015 1361081
1361398 1361442
1361537 1361576
1361900 1361934
1362322 1362367
1362708 1362776
1363033 1363113
1363392 1363454
1363562 1363654
1363860 1363880
1364156 1364188
1364318 1364378
1364792 1364819
1364955 1364977
1365062 1365130
1365241 1365314
1365627 1365670
1366080 1366179
1366306 1366333
1366661 1366684
1367118 1367188
1367485 1367530
1367784 1367837
1368166 1368176
1368513 1368594
1369038 1369054
1369253 1369350
1369591 1369675
1370045 1370058
1370531 1370550
1370712 1370797
1371285 1371384
1371539 1371627
1372091 1372153
1372485 1372537
1372631 1372703
1372867 1372964
1373244 1373264
1373576 1373615
1374045 1374088
1374564 1374616
1374847 1374942
1375312 1375324
1375789 1375879
1375941 1375973
1376397 1376485
1376940 1376974
1377015 1377072
1377375 1377395
1377723 1377745
1378031 1378085
1378220 1378309
1378634 1378676
1379110 1379115
1379218 1379236
1379522 1379566
1379619 1379717
1379839 1379859
1379877 1379904
1380217 1380269
1380591 1380677
1380874 1380908
1381406 1381435
1381653 1381665
1382022 1382077
1382172 1382181
1382347 1382384
1382567 1382666
1382700 1382783
1383125 1383142
1383240 1383334
1383624 1383634
1383962 1384057
1384105 1384114
1384489 1384522
1384714 1384739
1385108 1385152
1385517 1385595
1385625 1385628
1385745 1385772
1386133 1386203
1386365 1386442
1386646 1386680
1386979 1387057
1387429 1387472
1387774 1387780
1387797 1387859
1388194 1388223
1388499 1388514
1388996 1389011
1389506 1389528
1389756 1389834
1390087 1390184
1390435 1390460
1390551 1390592
1390850 1390915
1391303 1391316
1391333 1391423
1391479 1391557
1391574 1391645
1391918 1392012
1392219 1392259
1392345 1392376
1392841 1392855
1392978 1393049
1393399 1393431
1393669 1393760
1394207 1394228
1394492 1394577
1394858 1394927
1395053 1395129
1395432 1395522
1395782 1395830
1396080 1396156
1396587 1396620
1396850 1396888
1397047 1397071
1397527 1397598
1397999 1398017
1398372 1398395
1398399 1398465
1398798 1398856
1399063 1399109
1399392 1399420
1399531 1399620
1399775 1399855
1400249 1400308
1400674 1400730
1401048 1401062
1401252 1401292
1401460 1401499
1401894 1401953
1402259 1402319
1402362 1402420
1402517 1402542
1402834 1402872
1403226 1403273
1403288 1403322
1403707 1403713
1404132 1404172
1404477 1404486
1404683 1404685
1404826 1404922
1405028 1405069
1405120 1405145
1405518 1405612
1405854 1405891
1406217 1406263
1406387 1406471
1406644 1406708
1407101 1407197
1407384 1407441
1407533 1407625
1408080 1408173
1408472 1408540
1408659 1408662
1408866 1408939
1409170 1409234
1409682 1409686
1409733 1409766
1409969 1410062
1410529 1410608
1410862 1410921
1410993 1411053
1411145 1411183
1411414 1411497
1411596 1411657
1411870 1411917
1412061 1412110
1412328 1412352
1412758 1412783
1413163 1413214
1413227 1413325
1413776 1413801
1414040 1414110
1414354 1414399
1414750 1414808
1415214 1415221
1415431 1415502
1415541 1415544
1415655 1415698
1416190 1416277
1416351 1416429
1416907 1416949
1417130 1417152
1417302 1417306
1417699 1417713
1418137 1418224
1418259 1418320
1418496 1418509
1418634 1418647
1418786 1418847
1418858 1418921
1419324 1419372
1419814 1419913
1420107 1420128
1420310 1420391
1420731 1420783
1421084 1421168
1421335 1421434
1421902 1421992
1422357 1422450
1422852 1422943
1423094 1423180
1423454 1423549
1424031 1424048
1424168 1424254
1424278 1424315
1424783 1424824
1424977 1424990
1425023 1425096
1425384 1425420
1425482 1425562
1425966 1426054
1426155 1426211
1426473 1426537
1426561 1426661
1427040 1427044
1427434 1427436
1427588 1427687
1427815 1427856
1428253 1428286
1428407 1428466
1428752 1428801
1429109 1429164
1429331 1429390
1429478 1429512
1429522 1429600
1429833 1429847
1430218 1430243
1430663 1430751
1431203 1431208
1431383 1431429
1431605 1431609
1431921 1431939
1432378 1432386
1432419 1432506
1432772 1432793
1433159 1433219
1433370 1433379
1433479 1433534
1433868 1433878
1434253 1434277
1434715 1434790
1434853 1434927
1435365 1435371
1435624 1435703
1435882 1435960
1436236 1436300
1436525 1436600
1436610 1436636
1436805 1436838
1437310 1437352
1437793 1437853
1438183 1438277
1438426 1438481
1438569 1438578
1438734 1438827
1439294 1439381
1439382 1439432
1439625 1439644
1439717 1439790
1439886 1439927
1440369 1440393
1440516 1440593
1441068 1441163
1441230 1441301
1441312 1441313
1441657 1441712
1442146 1442148
1442212 1442254
1442674 1442713
1442746 1442803
1443284 1443342
1443383 1443420
1443461 1443548
1443682 1443752
1444244 1444317
1444719 1444772
1444862 1444915
1445330 1445362
1445488 1445531
1445616 1445620
1445825 1445887
1446212 1446299
1446768 1446773
1447240 1447338
1447359 1447363
1447811 1447872
1448345 1448433
1448630 1448680
1448870 1448942
1449365 1449432
1449456 1449541
1449800 1449817
1450316 1450411
1450771 1450839
1450973 1450976
1451083 1451134
1451361 1451387
1451862 1451935
1451948 1451974
1452008 1452064
1452246 1452320
1452578 1452650
1452775 1452872
1452892 1452953
1453192 1453219
1453553 1453645
1453896 1453927
1454335 1454425
1454823 1454862
1454925 1455017
1455158 1455173
1455445 1455463
1455918 1455934
1456311 1456341
1456726 1456823
1456864 1456921
1456957 1456994
1457038 1457073
1457366 1457452
1457603 1457624
1457660 1457683
1458025 1458090
1458551 1458576
1458641 1458693
1458823 1458891
1459052 1459111
1459602 1459649
1459952 1459977
1460181 1460201
1460670 1460720
1460948 1460974
1461052 1461065
1461093 1461138
1461290 1461343
1461706 1461799
1461948 1461980
1462265 1462322
1462366 1462384
1462559 1462582
1462870 1462884
1462917 1462975
1463182 1463192
1463487 1463510
1463529 1463570
1464013 1464077
1464563 1464573
1464669 1464768
1465227 1465315
1465406 1465456
1465658 1465678
1465730 1465760
1466117 1466198
1466282 1466376
1466723 1466797
1466826 1466922
1467214 1467313
1467345 1467440
1467915 1467929
1468007 1468070
1468116 1468174
1468357 1468455
1468611 1468669
1469061 1469120
1469137 1469206
1469413 1469501
1469933 1469996
1470234 1470271
1470743 1470789
1471114 1471119
1471548 1471557
1471586 1471635
1471776 1471785
1472131 1472217
1472609 1472657
1472679 1472750
1473200 1473247
1473531 1473550
1473580 1473630
1473735 1473741
1474057 1474086
1474120 1474197
1474249 1474304
1474721 1474815
1475202 1475260
1475273 1475337
1475800 1475877
1476068 1476115
1476256 1476296
1476328 1476372
1476426 1476474
1476561 1476637
1476883 1476892
1476897 1476937
1477408 1477444
1477888 1477950
1478028 1478072
1478443 1478536
1478908 1478918
1479086 1479144
1479336 1479406
1479803 1479879
1480282 1480342
1480536 1480586
1480763 1480769
1481166 1481205
1481405 1481474
1481938 1482016
1482364 1482461
1482871 1482892
1483339 1483406
1483471 1483485
1483748 1483840
1483951 1484041
1484079 1484098
1484537 1484627
1484874 1484878
1485333 1485430
1485774 1485826
1485868 1485891
1485923 1486003
1486196 1486248
1486671 1486728
1486741 1486790
1486801 1486833
1487234 1487254
1487547 1487620
1487835 1487866
1488287 1488353
1488537 1488612
1488685 1488693
1489069 1489127
1489325 1489374
1489782 1489797
1490134 1490159
1490657 1490712
1491070 1491110
1491190 1491208
1491574 1491633
1491999 1492005
1492091 1492109
1492441 1492458
1492511 1492578
1492804 1492838
1493042 1493082
1493490 1493544
1493972 1494034
1494432 1494517
1494692 1494769
1494923 1494968
1495062 1495115
1495543 1495567
1496043 1496127
1496570 1496590
1496824 1496890
1497370 1497424
1497494 1497554
1497805 1497866
1497974 1497983
1498181 1498216
1498581 1498588
1499018 1499112
1499490 1499530
1499596 1499618
1499807 1499889
1500009 1500074
1500522 1500585
1501071 1501139
1501541 1501553
1501601 1501676
1501949 1501999
1502299 1502321
1502410 1502507
1502757 1502768
