439 505
942 1056
1320 1664
1956 2150
2228 2596
2743 3073
3097 3303
3423 3628
3878 4088
4141 4284
4764 5164
5578 5958
6406 6409
6568 6776
7166 7390
7695 7742
8001 8211
8235 8519
8892 8928
9062 9207
9232 9251
9352 9711
9893 10181
10655 10723
11207 11584
11751 11978
12333 12348
12696 12790
12831 13047
13546 13895
14236 14340
14502 14620
14883 15071
15557 15640
15895 16202
16217 16454
16898 17151
17386 17562
17960 18040
18513 18657
19035 19251
19395 19733
19906 20232
20320 20694
21145 21409
21519 21600
22027 22307
22436 22605
22842 23228
23716 23968
24046 24276
24485 24695
25034 25305
25390 25480
25786 25868
26287 26666
26716 26836
27177 27461
27945 28218
28580 28700
29082 29383
29677 30009
30487 30815
31214 31249
31535 31698
31904 31920
32372 32578
32807 33138
33252 33614
33820 34058
34530 34566
34835 34836
35150 35438
35479 35727
36047 36232
36597 36872
37161 37544
37767 37906
38302 38354
38510 38782
39015 39262
39386 39630
39720 39904
40126 40231
40278 40297
40649 41038
41302 41560
41931 42206
42556 42948
43267 43322
43429 43507
43875 43952
44315 44356
44836 45030
45159 45338
45557 45832
45861 46056
46435 46630
47029 47150
47399 47596
48050 48165
48343 48493
48973 49123
49569 49683
50122 50458
50827 50906
50937 51054
51122 51396
51555 51570
51815 51832
51979 52360
52623 52628
52827 52969
53458 53823
54044 54171
54384 54555
54669 54855
54961 55323
55466 55686
56106 56124
56144 56509
56629 56965
57151 57208
57414 57637
57886 58022
58447 58661
58912 59016
59406 59752
60074 60217
60331 60378
60380 60637
61061 61213
61434 61438
61602 61958
61991 62087
62559 62837
62994 63254
63315 63471
63930 64184
64553 64632
64655 64813
65253 65563
65837 66115
66579 66787
67159 67543
68007 68100
68125 68467
68612 68721
69045 69399
69726 69782
70258 70590
70799 71002
71451 71550
71849 72201
72545 72781
73063 73382
73545 73557
73623 73974
74075 74170
74647 74665
75085 75228
75370 75762
76104 76397
76693 77026
77045 77113
77335 77491
77708 78101
78203 78232
78573 78931
79222 79473
79530 79899
80368 80490
80615 80847
81062 81232
81454 81686
81811 81845
82017 82201
82698 82871
83337 83423
83872 83905
84093 84243
84283 84597
84826 84878
85345 85433
85825 85945
86381 86726
87145 87366
87742 87842
87944 88342
88525 88673
88690 88853
88937 89054
89134 89393
89669 89908
90360 90548
90772 90834
90861 91182
91535 91686
92004 92140
92593 92912
92923 93231
93541 93595
94059 94373
94486 94827
95120 95233
95633 96014
96326 96430
96457 96622
96721 97065
97273 97534
97999 98260
98290 98474
98818 99092
99112 99328
99672 99795
100045 100122
100460 100483
100508 100602
100668 101018
101342 101570
102036 102189
102470 102615
102840 103127
103177 103319
103717 103949
104443 104501
104841 104902
105274 105524
105708 105878
106073 106272
106285 106388
106538 106606
106950 107055
107407 107789
108019 108225
108271 108591
108882 109154
109453 109800
109957 110044
110046 110199
110509 110521
110752 110964
111382 111646
111805 112026
112145 112191
112312 112534
113009 113237
113416 113671
114146 114332
114560 114621
114686 114709
115200 115428
115787 115985
116465 116519
116866 117219
117352 117558
117749 117938
118090 118121
118154 118379
118607 118762
119051 119109
119155 119497
119591 119898
119946 119995
120473 120507
120731 120891
121030 121226
121401 121658
121797 121922
121945 122170
122337 122429
122466 122688
122948 123267
123504 123836
124231 124505
124590 124989
125343 125584
125827 125985
126405 126706
126855 126954
127035 127326
127710 127897
128175 128347
128353 128602
128871 129077
129381 129673
129964 130149
130518 130649
130852 130930
131364 131545
131564 131912
132115 132398
132487 132771
132918 133089
133101 133337
133635 133653
134049 134448
134830 134892
135269 135643
136058 136308
136368 136448
136854 136981
137038 137206
137221 137391
137537 137640
138108 138348
138355 138746
138889 139048
139236 139572
139617 139739
140117 140452
140769 141059
141289 141298
141560 141709
141766 141943
142316 142387
142719 142814
142987 143042
143274 143511
143833 144106
144496 144766
144859 145076
145521 145703
145933 146269
146669 146706
146943 146964
147431 147502
148001 148266
148525 148613
148686 148946
149301 149583
149627 149930
150428 150547
150588 150617
151019 151082
151523 151602
151874 152152
152471 152696
152808 152893
153299 153413
153684 153888
154300 154544
154907 155005
155070 155314
155418 155741
155832 155906
156017 156219
156612 156636
157025 157390
157422 157445
157747 157835
157859 157872
158361 158549
158778 159120
159343 159660
159744 160078
160261 160343
160402 160449
160815 160950
161316 161589
161609 161768
161960 162193
162234 162585
162810 162966
163417 163678
164051 164213
164305 164657
164859 164928
165003 165015
165087 165373
165494 165595
165811 165936
166355 166387
166623 166721
167168 167353
167650 167862
168141 168504
168924 169081
169360 169405
169902 170006
170484 170832
171180 171254
171594 171917
172180 172371
172496 172754
172962 173074
173539 173782
174064 174230
174493 174625
174641 174673
175057 175344
175837 175908
176405 176777
176942 177268
177329 177452
177928 178238
178495 178554
178813 179168
179396 179501
179986 180060
180166 180409
180713 181045
181278 181590
181807 181848
182272 182518
182832 183183
183254 183467
183665 183915
184128 184200
184494 184604
184883 185054
185320 185713
186152 186201
186442 186611
186958 186992
187354 187664
187722 187903
188200 188432
188597 188849
189282 189519
189821 189945
190121 190274
190594 190685
190947 191057
191413 191516
191657 191956
192109 192274
192552 192561
192903 192976
193338 193649
193742 193894
194359 194542
194663 194673
195003 195354
195837 196124
196274 196325
196755 197081
197496 197500
197885 198140
198402 198655
198933 198949
199095 199384
199660 199882
199947 200224
200599 200787
200878 201206
201268 201656
201910 202223
202311 202399
202780 202950
203322 203619
203672 203773
204136 204423
204788 205176
205442 205469
205477 205566
205673 205808
206179 206562
206911 207157
207482 207805
207808 208202
208373 208543
208553 208822
209265 209286
209485 209554
209858 210141
210487 210636
210676 210727
211159 211398
211832 212109
212429 212522
212899 213195
213222 213434
213733 214101
214416 214557
214621 214992
215209 215508
215828 215950
216428 216485
216788 217063
217230 217382
217635 218009
218490 218618
219098 219323
219504 219610
219923 219951
220081 220304
220676 220761
221156 221487
221808 222154
222400 222462
222790 222935
223432 223445
223454 223457
223481 223531
223787 224101
224439 224624
224907 225258
225269 225504
225940 226028
226337 226692
226796 227040
227319 227456
227512 227736
228219 228551
228855 229106
229434 229809
230198 230513
230665 230756
231253 231273
231601 231990
232419 232620
232780 232969
233373 233514
233535 233581
233788 233845
234177 234526
234569 234815
235043 235142
235626 235717
236072 236418
236732 237046
237438 237761
237788 237804
237920 238197
238588 238856
238933 239287
239712 239960
240111 240131
240280 240428
240698 240759
241254 241472
241842 242142
242317 242594
242866 242878
243224 243409
243451 243757
243900 244145
244616 245013
245054 245166
245638 245941
246074 246233
246638 246739
246766 246961
247277 247354
247468 247512
247964 247979
248095 248161
248220 248606
249089 249397
249433 249572
249602 249752
249904 249907
250231 250500
250539 250736
251163 251211
251474 251738
251861 251899
251988 252131
252336 252419
252909 253087
253124 253169
253361 253399
253840 254173
254319 254694
255180 255472
255894 255958
256178 256542
256705 256819
257042 257133
257510 257708
258003 258097
258182 258551
258854 259027
259334 259722
260035 260279
260594 260669
261163 261445
261767 261867
262236 262323
262621 262671
262982 263253
263356 263387
263457 263698
263703 263816
264003 264264
264571 264803
264958 265032
265350 265660
265799 266142
266359 266740
266763 267162
267386 267453
267455 267610
267852 268068
268245 268642
268881 268957
268996 269276
269768 269776
270114 270420
270617 270673
270714 271063
271314 271702
271786 272068
272293 272398
272779 272958
273325 273714
273799 274196
274682 274714
274891 275282
275391 275665
275694 275881
275915 275986
276326 276506
277003 277158
277315 277442
277710 277956
278056 278154
278489 278743
278950 279012
279023 279175
279643 279796
280067 280347
280605 280839
280865 281215
281634 281990
282046 282428
282681 283062
283430 283772
284103 284315
284552 284577
284803 284996
285154 285298
285397 285708
285994 286089
286152 286303
286641 286888
287311 287467
287487 287556
287710 287966
288337 288606
288609 288834
289107 289411
289770 289850
290311 290316
290699 290717
291097 291430
291590 291877
291909 292180
292574 292751
292933 293270
293540 293601
293699 293735
293771 293912
294347 294455
294719 294898
295054 295449
295863 295976
296301 296348
296413 296605
296841 297163
297564 297678
298054 298445
298587 298628
298996 299050
299494 299598
299705 299895
299917 300219
300499 300540
300679 300994
301141 301158
301415 301623
301771 301876
302223 302273
302299 302427
302434 302491
302549 302634
302657 302970
303202 303599
304013 304038
304267 304601
304740 305123
305124 305371
305848 306232
306660 307020
307201 307395
307547 307737
307797 307839
308228 308325
308334 308457
308537 308765
308787 309150
309439 309461
309569 309811
310270 310333
310634 311012
311070 311298
311650 311893
312365 312634
313087 313092
313423 313571
313975 314008
314428 314609
314739 314787
314790 315052
315167 315493
315682 315884
316120 316181
316481 316507
316948 317334
317557 317870
318256 318570
318574 318969
319184 319332
319610 319969
320016 320303
320538 320788
320882 321073
321296 321389
321880 322142
322398 322580
322700 322936
323066 323311
323330 323599
324016 324039
324046 324224
324492 324628
324913 325098
325506 325538
326021 326113
326571 326862
327105 327237
327487 327525
327806 328075
328299 328613
328746 329099
329198 329542
329967 330306
330749 330993
331263 331298
331368 331428
331519 331575
331995 332146
332348 332388
332394 332721
332967 333344
333502 333868
334167 334189
334319 334646
334998 335249
335563 335861
336158 336427
336689 336919
336947 337144
337367 337713
338174 338390
338402 338482
338620 338727
338974 338978
339339 339479
339832 340012
340265 340347
340802 340823
341222 341550
341838 342028
342264 342661
342886 343159
343545 343776
344073 344356
344694 344780
344950 344969
345024 345050
345326 345521
346017 346375
346815 346897
346947 347174
347368 347733
347862 348070
348307 348467
348573 348937
349417 349769
350003 350338
350466 350658
350702 351076
351470 351661
351984 352359
352674 352832
353054 353373
353818 354067
354345 354544
354557 354827
355054 355345
355802 355949
356158 356168
356434 356760
356915 357199
357648 357709
357961 358054
358357 358601
358970 359057
359116 359284
359754 360006
360493 360646
360914 361192
361264 361549
361572 361677
361776 362140
362348 362733
362781 363166
363604 363772
363855 364205
364263 364354
364769 365073
365086 365291
365357 365590
366020 366282
366432 366448
366673 366695
366750 366880
367058 367331
367638 367771
367997 368202
368571 368829
368883 369272
369453 369531
369537 369840
369909 370076
370453 370675
370877 371260
371269 371465
371475 371694
371754 372032
372505 372892
372908 372921
373118 373382
373568 373589
373646 373727
373987 374379
374814 374856
374888 375141
375592 375787
376069 376239
376349 376703
377120 377128
377378 377680
377811 378084
378138 378420
378851 378863
379352 379594
379670 379961
380011 380382
380477 380806
381124 381454
381494 381851
381944 382267
382312 382422
382751 382956
383016 383154
383449 383715
384002 384282
384631 384967
385248 385284
385719 386088
386397 386561
387036 387094
387294 387679
387898 388185
388361 388741
388782 389163
389500 389748
389837 390143
390188 390339
390472 390643
390961 391270
391533 391713
391739 392012
392273 392607
392667 392818
393171 393276
393369 393409
393491 393658
393847 394074
394304 394345
394349 394544
394771 394812
395156 395394
395764 395797
395945 396165
396421 396639
396716 396786
396858 396992
397032 397229
397385 397700
398021 398316
398621 398972
399327 399649
400075 400163
400605 400764
401065 401299
401567 401921
402361 402371
402833 403089
403412 403672
403696 404038
404105 404447
404453 404783
404999 405007
405136 405138
405570 405934
406212 406428
406485 406788
406863 407157
407234 407524
407965 408197
408504 408512
408948 409173
409509 409584
409870 409984
410079 410451
410862 411228
411665 411866
412276 412435
412825 412880
413179 413246
413732 413849
413970 414136
414491 414882
415340 415517
415553 415711
416141 416302
416492 416756
416949 417293
417790 417871
418119 418329
418461 418551
419023 419322
419804 419848
420109 420162
420233 420454
420590 420854
421088 421207
421632 421682
421875 421936
421977 422101
422117 422481
422758 422890
423215 423331
423416 423798
423982 424090
424226 424287
424675 425010
425432 425760
425958 426223
426685 427018
427387 427568
427811 427938
427983 428169
428236 428339
428804 429084
429114 429246
429330 429635
430011 430031
430327 430680
430780 430895
431096 431350
431507 431562
431822 431825
431954 432200
432557 432775
433059 433179
433214 433343
433531 433741
434191 434373
434790 435093
435486 435847
436293 436483
436621 436689
436912 437043
437056 437112
437190 437295
437389 437394
437656 437767
437832 438193
438434 438490
438721 438790
439223 439244
439628 439899
440193 440390
440730 440950
441275 441300
441547 441737
442201 442470
442497 442585
442616 442747
443203 443278
443390 443596
443947 444065
444478 444553
444815 445012
445412 445447
445835 446036
446203 446545
446937 447072
447292 447380
447678 447882
448180 448506
448919 449026
449441 449565
449860 450105
450376 450587
450759 450885
450987 451386
451715 451978
452475 452510
452914 453049
453115 453274
453543 453743
454051 454371
454691 454878
454939 455110
455430 455759
456214 456447
456491 456661
457084 457349
457639 457641
457750 457949
458393 458452
458736 459002
459202 459375
459805 460009
460065 460298
460313 460616
460738 460970
461221 461338
461434 461565
461659 461881
462268 462316
462415 462433
462726 463077
463529 463841
463963 464025
464401 464510
464787 465178
465198 465314
465368 465669
465960 466120
466515 466729
467087 467259
467314 467559
467967 468047
468190 468507
468971 469223
469496 469775
469940 470003
470095 470455
470534 470587
470963 471179
471251 471372
471451 471468
471750 472126
472557 472929
473058 473169
473668 473705
473723 473770
474198 474382
474687 474854
474922 475134
475356 475414
475573 475819
475908 476062
476095 476438
476568 476725
476921 476977
477231 477277
477704 478058
478078 478120
478525 478544
478864 478991
479233 479527
479911 480196
480435 480451
480836 481039
481073 481105
481590 481755
482077 482188
482684 482699
482902 483134
483496 483537
483761 483843
483954 484110
484410 484442
484704 484854
485232 485250
485331 485402
485580 485877
486035 486045
486369 486580
486694 486722
486839 487175
487516 487772
488212 488269
488693 488931
489373 489748
489819 489845
489903 490256
490372 490579
490595 490869
491081 491383
491389 491726
491788 491959
492441 492522
492759 493041
493065 493334
493344 493537
493719 494091
494510 494520
494906 495108
495312 495496
495815 496173
496528 496886
497317 497319
497415 497726
497991 498161
498515 498776
499243 499579
499885 500193
500591 500827
501209 501486
501710 501726
501752 501836
502201 502462
502903 502967
503213 503421
503762 504128
504491 504508
504843 504909
504916 504942
505176 505343
505638 505734
505850 505898
506056 506200
506594 506624
506790 507074
507251 507642
508045 508362
508486 508640
509001 509214
509318 509684
510106 510482
510951 511181
511480 511805
512059 512278
512524 512727
513123 513270
513588 513883
514125 514208
514397 514699
514869 515070
515162 515291
515568 515656
515909 515947
516104 516406
516827 516851
517211 517584
517625 517638
518085 518232
518638 518805
519133 519460
519716 519985
520220 520325
520571 520959
521132 521163
521497 521781
521967 522222
522565 522591
522875 523005
523154 523309
523653 523725
523845 523857
524164 524181
524208 524279
524641 524764
524841 524888
525061 525196
525590 525705
525749 526116
526537 526770
526977 527199
527587 527762
528049 528325
528717 528856
529035 529307
529441 529510
529926 530201
530208 530297
530685 530887
531136 531351
531543 531652
532010 532071
532332 532462
532581 532772
532790 532841
533264 533650
534106 534323
534424 534728
535157 535461
535714 536003
536380 536479
536711 536862
537311 537541
537857 538194
538201 538275
538331 538334
538670 538925
538943 539187
539520 539784
540086 540295
540653 540846
541121 541376
541629 541859
541958 542016
542045 542340
542810 543046
543299 543617
543826 544122
544302 544591
544849 544872
545030 545051
545478 545661
545968 546150
546624 546798
546847 547013
547476 547729
548089 548278
548706 548920
549011 549147
549330 549363
549679 549996
550345 550719
550829 550992
551025 551196
551682 551814
551936 552014
552143 552328
552552 552827
553201 553207
553659 553990
554000 554207
554517 554600
554615 554817
554831 555151
555357 555547
555850 556247
556344 556594
556830 557108
557486 557722
557779 557848
558138 558448
558596 558867
559161 559327
559639 559855
560123 560519
560841 560988
561401 561650
562022 562206
562239 562612
562673 563052
563074 563418
563452 563513
563844 563867
563881 564224
564398 564648
564786 565013
565114 565264
565695 565910
565967 566046
566131 566211
566677 566771
567149 567349
567485 567491
567880 568159
568471 568687
568861 568890
569266 569533
569930 570025
570035 570183
570607 570825
571101 571437
571808 571904
572352 572418
572763 572917
573250 573293
573530 573726
573989 574143
574153 574156
574542 574705
574955 575209
575364 575488
575849 576228
576661 577007
577395 577434
577593 577885
578020 578377
578795 578985
579187 579425
579731 580055
580154 580348
580369 580585
580755 580972
581339 581350
581393 581609
581875 582188
582538 582673
582962 583226
583307 583675
584133 584172
584485 584748
584906 585209
585697 585806
586294 586587
586728 586764
586781 587048
587095 587344
587505 587644
587796 588024
588272 588436
588498 588589
588709 589071
589081 589467
589964 589982
590062 590320
590521 590885
590963 591121
591215 591337
591809 591953
592359 592437
592693 593074
593082 593265
593436 593495
593511 593573
593942 594321
594785 594914
595013 595298
595311 595599
595615 595931
596243 596374
596506 596577
596807 596888
597294 597503
597931 598239
598394 598499
598613 598862
599148 599261
599409 599640
599954 600045
600089 600152
600242 600539
600610 600739
601219 601341
601719 601898
602356 602556
602942 603277
603457 603845
604054 604134
604187 604287
604383 604440
604741 604979
605388 605566
605702 605769
606091 606311
606624 606640
606760 606971
607001 607067
607086 607422
607785 607917
608366 608699
608829 609050
609465 609581
609775 609925
610173 610203
610402 610535
610814 610966
611265 611323
611729 611840
612086 612389
612584 612933
613207 613310
613524 613863
614268 614651
614701 615017
615154 615549
615994 615997
616155 616475
616728 617028
617440 617635
617707 617736
617798 618044
618433 618681
618785 619056
619545 619630
619758 619808
620294 620385
620505 620863
621299 621503
621911 622306
622788 622816
622895 622957
623141 623157
623506 623643
624006 624189
624560 624699
624767 625049
625507 625673
625896 625923
626252 626457
626627 626670
626750 627132
627388 627699
627907 628301
628321 628563
628915 628925
629007 629104
629482 629788
629966 630107
630195 630459
630877 630902
631010 631371
631803 632064
632175 632290
632714 632956
633004 633375
633448 633541
633830 634143
634387 634647
634857 634911
634967 635257
635431 635549
635644 635780
636079 636191
636509 636571
636717 636957
637404 637602
637750 637998
638475 638519
638638 638729
638971 639186
639213 639322
639645 639910
640269 640289
640744 640846
641155 641272
641544 641566
641856 642229
642421 642781
642799 642866
643157 643312
643328 643702
643717 643976
644202 644528
644966 645044
645450 645829
646111 646317
646517 646637
646797 646973
647273 647311
647324 647699
648173 648194
648402 648413
648759 648952
649180 649276
649297 649508
649875 650109
650426 650520
650618 650813
650871 651038
651205 651351
651490 651866
652032 652201
652297 652448
652646 652835
653133 653447
653567 653664
653758 653971
654114 654340
654825 655006
655072 655187
655293 655632
656011 656171
656172 656368
656593 656612
656704 657089
657428 657737
658104 658180
658378 658720
659027 659051
659145 659193
659651 659844
659954 660145
660439 660744
660934 661000
661372 661644
662088 662167
662421 662475
662779 663178
663632 664014
664322 664541
664723 665073
665386 665740
666091 666147
666319 666451
666455 666753
666838 667188
667632 667743
668138 668147
668270 668543
668570 668800
669111 669418
669696 669787
670076 670290
670694 670960
671297 671627
672079 672450
672588 672628
672703 672706
672707 672903
672959 672985
673173 673284
673359 673593
673904 673988
674487 674638
674967 675342
675382 675556
675604 675975
676078 676426
676653 676839
677132 677243
677457 677568
677781 678157
678467 678768
678851 679235
679691 679761
679840 680030
680132 680336
680342 680662
681104 681405
681831 682016
682224 682598
683041 683219
683544 683746
683951 684034
684082 684454
684584 684656
684849 685068
685312 685620
685921 686176
686427 686659
686814 686910
687035 687242
687348 687569
687740 687994
688429 688505
688966 689137
689443 689826
690221 690338
690674 690744
690938 691213
691572 691726
691840 692080
692263 692395
692418 692693
692828 693169
693532 693796
694150 694459
694549 694752
694871 694971
695462 695769
695987 696216
696624 696832
697111 697443
697483 697604
697974 698314
698642 698939
698983 699114
699343 699676
700045 700216
700699 701096
701428 701550
701884 702099
702353 702524
702669 703019
703056 703237
703356 703427
703760 703968
704129 704354
704744 704953
705289 705487
705603 705608
706019 706299
706479 706819
707237 707281
707615 707771
707877 708158
708457 708577
708851 709146
709157 709166
709287 709373
709778 710088
710409 710752
711056 711323
711521 711858
712350 712445
712606 712983
713183 713540
713855 713973
714265 714585
714919 715207
715343 715376
715657 715757
716208 716520
716813 716870
717217 717533
717576 717777
718233 718298
718677 719054
719466 719769
720119 720294
720742 721089
721124 721350
721495 721555
721705 721981
722092 722473
722610 722796
722968 723170
723365 723506
723963 724075
724420 724817
724866 725087
725342 725617
726062 726409
726857 727032
727275 727307
727591 727818
728186 728385
728602 728850
729123 729292
729499 729538
729967 729990
730331 730395
730567 730753
731123 731172
731379 731695
731701 731710
732044 732227
732272 732292
732364 732665
733135 733456
733766 733929
734136 734468
734855 735085
735527 735717
736209 736602
736874 737164
737544 737547
738025 738073
738097 738415
738865 738915
739186 739281
739576 739770
739908 740162
740641 740811
741018 741133
741623 741921
742184 742287
742526 742827
743193 743407
743436 743612
743994 744072
744314 744343
744386 744756
745132 745156
745393 745491
745935 746066
746316 746529
746775 747044
747302 747570
747947 748036
748515 748606
748807 749180
749510 749609
749649 749820
750157 750553
750805 750837
751290 751469
751747 751888
752140 752267
752335 752516
752974 753234
753624 754003
754417 754733
754784 754920
755311 755680
756129 756241
756525 756602
756755 756987
757170 757338
757413 757644
758041 758398
758749 758861
759090 759345
759537 759574
759642 759898
760126 760360
760686 761051
761454 761630
761951 762122
762182 762214
762339 762667
762912 763264
763667 763975
764280 764411
764767 764972
765085 765100
765361 765590
765685 765967
766403 766561
766847 767114
767326 767404
767470 767783
768087 768244
768313 768705
768915 768980
769334 769350
769441 769780
770251 770474
770818 771115
771480 771719
772102 772486
772638 772733
773222 773407
773694 773998
774144 774534
774767 774996
775418 775499
775995 776128
776364 776579
776629 776718
777111 777325
777576 777933
778426 778797
779166 779479
779560 779832
780235 780505
780554 780916
781218 781571
781745 781776
782018 782177
782562 782820
783049 783051
783242 783346
783763 783845
784302 784677
784865 784887
784971 785109
785116 785365
785747 785908
786207 786450
786581 786603
786662 786862
787219 787229
787560 787873
787947 788171
788326 788350
788648 788965
789000 789246
789331 789538
789871 789904
789914 790155
790653 790701
790868 791069
791206 791490
791896 792275
792772 793140
793559 793734
793755 793990
794485 794650
795129 795257
795286 795480
795736 795916
796180 796223
796537 796763
796910 796954
797375 797713
797730 797837
798125 798395
798612 798695
798819 799217
799316 799597
800043 800048
800305 800596
800804 801071
801391 801509
801586 801717
802132 802316
802533 802714
802946 803095
803495 803676
803744 803954
804177 804533
804620 804779
804904 804957
805378 805408
805761 806110
806397 806573
806732 807025
807413 807601
807731 807899
808323 808592
808748 809080
809284 809443
809515 809828
810262 810480
810827 811137
811467 811673
811942 812162
812521 812544
812628 812899
813108 813261
813269 813629
814087 814224
814714 814874
815328 815463
815736 816050
816218 816552
816581 816600
816658 816762
817128 817343
817673 817707
817913 818202
818666 818851
819309 819493
819540 819910
820210 820488
820978 821102
821226 821533
821732 821932
822395 822618
822957 823156
823632 823902
824164 824255
824429 824756
825069 825346
825610 825696
825827 826214
826586 826762
826825 826990
827229 827466
827760 828099
828456 828567
828854 828926
829139 829505
830001 830326
830439 830557
830870 831096
831459 831485
831533 831700
831779 831945
832427 832647
832963 833199
833310 833437
833784 834029
834397 834615
834979 835177
835391 835456
835596 835868
836325 836360
836735 837011
837260 837510
837715 837739
837774 838092
838395 838518
838823 839139
839221 839367
839753 839809
840308 840363
840758 840902
841345 841409
841808 841955
842117 842254
842274 842541
842844 842949
843240 843419
843559 843830
844217 844363
844421 844444
844526 844781
845182 845348
845738 845834
846015 846273
846335 846436
846592 846780
847062 847129
847317 847694
847795 847932
848290 848665
848798 848948
849069 849453
849856 850204
850427 850823
850899 851002
851020 851027
851337 851620
851684 851895
852127 852182
852227 852496
852617 852927
853160 853284
853755 853881
853999 854075
854150 854458
854750 854757
854883 855208
855581 855688
855745 855777
855865 856214
856539 856912
857159 857458
857853 857926
858045 858353
858779 859127
859605 859687
859768 859994
860444 860574
860637 860723
861068 861201
861586 861865
862285 862411
862617 862881
863315 863604
863734 863970
864388 864721
865113 865500
865961 866195
866414 866436
866746 866801
866980 867356
867507 867750
868193 868230
868669 868975
869028 869145
869498 869562
869885 870259
870265 870634
870659 871024
871507 871559
871702 871837
872319 872428
872860 873238
873273 873535
873947 873997
874348 874590
874676 874813
874969 875290
875778 875796
875894 876042
876403 876774
876861 876916
877142 877434
877844 878004
878122 878124
878621 878926
879181 879213
879379 879650
879972 880009
880309 880531
880564 880933
881206 881528
881790 881885
882384 882491
882637 882997
883297 883471
883595 883646
884128 884282
884355 884723
885189 885520
885680 885902
886285 886425
886751 887047
887467 887840
888265 888456
888659 888891
889340 889418
889669 889684
889975 890366
890436 890529
891023 891392
891450 891794
892085 892257
892580 892874
892921 893057
893266 893440
893756 893783
894075 894428
894720 895002
895334 895354
895817 896074
896190 896443
896603 896955
897013 897201
897546 897684
897792 898144
898435 898736
899021 899418
899558 899735
900112 900169
900338 900552
900760 900800
900914 901000
901363 901368
901816 901935
902004 902280
902371 902653
903079 903225
903603 903938
904220 904506
904852 905252
905615 905939
906434 906538
906638 907012
907073 907202
907631 907671
907805 908034
908474 908603
909039 909088
909206 909217
909252 909348
909525 909629
909983 910335
910771 910979
911377 911538
911666 911732
911768 912029
912307 912475
912824 913107
913320 913523
913836 914195
914288 914426
914471 914612
914740 914880
915299 915640
916004 916018
916284 916534
916851 917140
917410 917544
917717 917944
918032 918431
918841 918873
919310 919450
919584 919941
920158 920250
920341 920585
921016 921148
921320 921322
921595 921656
921815 922171
922341 922399
922882 922992
922997 923067
923138 923407
923751 923957
923964 923982
924221 924608
924778 924846
924908 925010
925268 925463
925550 925870
926119 926314
926753 926924
927174 927343
927793 928029
928227 928345
928645 929045
929095 929234
929408 929774
930021 930413
930604 930998
931072 931112
931534 931543
931790 931808
932194 932495
932841 933037
933109 933287
933337 933615
933976 934073
934137 934534
934621 934742
934855 934977
935386 935477
935529 935929
936203 936313
936532 936653
936958 937227
937644 937755
938187 938375
938754 938940
939062 939109
939243 939329
939759 939929
940322 940721
941044 941159
941569 941888
942254 942451
942857 943019
943463 943619
944075 944313
944524 944612
944837 945188
945368 945477
945746 946056
946436 946455
946635 946903
947038 947255
947528 947832
948240 948331
948726 948905
948937 949043
949386 949712
950086 950283
950524 950917
951381 951645
951940 952160
952277 952664
952751 952931
953053 953354
953520 953552
953901 953979
954028 954060
954542 954904
954984 955218
955512 955538
955585 955679
955966 956202
956275 956525
956666 956979
957137 957452
957611 957945
958011 958253
958602 958817
958959 959073
959231 959502
959897 959938
959944 959972
959975 960373
960712 960801
961017 961160
961225 961285
961433 961449
961527 961755
962175 962384
962728 962754
962974 963189
963225 963417
963668 963868
964311 964605
964960 965344
965589 965821
965896 966119
966235 966305
966333 966683
967106 967305
967351 967368
967627 967820
968307 968619
968863 968891
968907 969219
969645 969974
970386 970498
970941 971330
971409 971696
971840 971944
972166 972363
972744 972774
972945 973013
973159 973363
973516 973893
973995 974000
974014 974107
974558 974692
975108 975245
975509 975672
975980 976305
976333 976466
976535 976672
977032 977127
977240 977630
977726 977841
978219 978366
978513 978898
979214 979594
980084 980284
980593 980668
980916 981084
981517 981543
981819 982209
982265 982629
982872 983134
983278 983588
983820 984133
984194 984250
984719 984993
985054 985132
985201 985436
985526 985555
985641 985837
986264 986435
986788 987015
987017 987314
987478 987625
987866 988253
988454 988637
988867 989149
989378 989565
989879 990082
990211 990324
990587 990920
991229 991377
991565 991925
992350 992578
992977 993180
993429 993610
993720 993774
994129 994495
994946 995264
995467 995622
996102 996214
996457 996541
996905 997263
997451 997850
998070 998087
998187 998580
998909 999166
999384 999570
999971 1000256
1000291 1000361
1000755 1000903
1001040 1001321
1001414 1001736
1002070 1002273
1002769 1002904
1003343 1003348
1003470 1003612
1003921 1004262
1004569 1004896
1005375 1005639
1006030 1006220
1006630 1006816
1007278 1007501
1007752 1008078
1008502 1008893
1009172 1009456
1009584 1009944
1009986 1010287
1010528 1010766
1011191 1011520
1011853 1011891
1011988 1012118
1012479 1012879
1013137 1013474
1013774 1014015
1014049 1014331
1014366 1014689
1014772 1014812
1015140 1015524
1015568 1015962
1015997 1016229
1016664 1016703
1017198 1017263
1017427 1017458
1017783 1017961
1018348 1018690
1018850 1018902
1019184 1019525
1019736 1019907
1020057 1020206
1020586 1020916
1021011 1021121
1021575 1021655
1021661 1021865
1022319 1022544
1022643 1022872
1022944 1023052
1023137 1023226
1023519 1023744
1023877 1024061
1024416 1024687
1024814 1025149
1025394 1025733
1025790 1026024
1026356 1026403
1026542 1026563
1026672 1026674
1026992 1027005
1027413 1027713
1028140 1028267
1028480 1028878
1029377 1029507
1029834 1030013
1030456 1030839
1031008 1031364
1031657 1031795
1032255 1032487
1032831 1033087
1033321 1033517
1033800 1033900
1034252 1034360
1034480 1034623
1034927 1035280
1035420 1035751
1036227 1036455
1036635 1036980
1037029 1037402
1037676 1037796
1037895 1038018
1038142 1038395
1038472 1038575
1038812 1038970
1039271 1039648
1039683 1039895
1040090 1040482
1040739 1041048
1041133 1041281
1041732 1041809
1041872 1041927
1041948 1042278
1042335 1042534
1042536 1042899
1043230 1043549
1043644 1044033
1044362 1044523
1045013 1045239
1045675 1045957
1045988 1046149
1046158 1046166
1046335 1046475
1046849 1047223
1047555 1047628
1048093 1048152
1048382 1048566
1048910 1048964
1049200 1049305
1049462 1049682
1049796 1050107
1050192 1050275
1050706 1050922
1050971 1051359
1051685 1052066
1052485 1052577
1053005 1053373
1053542 1053628
1053739 1053749
1053963 1054355
1054664 1054719
1054813 1054829
1055254 1055505
1055674 1055777
1055873 1056040
1056343 1056601
1056790 1056883
1057169 1057329
1057391 1057539
1057988 1058273
1058514 1058776
1058966 1059139
1059208 1059328
1059780 1059959
1060415 1060726
1061126 1061348
1061432 1061720
1062085 1062162
1062577 1062671
1062786 1062870
1063132 1063430
1063515 1063882
1064082 1064436
1064816 1064878
1065167 1065534
1065554 1065739
1066004 1066205
1066635 1066875
1067198 1067405
1067725 1067878
1068345 1068674
1068808 1069134
1069241 1069482
1069912 1070068
1070528 1070698
1070729 1071116
1071311 1071708
1071903 1072131
1072242 1072351
1072366 1072396
1072576 1072917
1073398 1073550
1073986 1074130
1074441 1074528
1074792 1075072
1075190 1075413
1075831 1076103
1076437 1076653
1076714 1076734
1077126 1077220
1077237 1077565
1077822 1077894
1078114 1078160
1078316 1078665
1078704 1078851
1079302 1079591
1080022 1080276
1080397 1080468
1080807 1081109
1081212 1081554
1081816 1081979
1082056 1082258
1082490 1082681
1082767 1082799
1083156 1083349
1083453 1083515
1083777 1083885
1084046 1084219
1084484 1084667
1084677 1084702
1084859 1085144
1085337 1085417
1085780 1085845
1085908 1086297
1086743 1086894
1087330 1087464
1087786 1087878
1088029 1088063
1088194 1088324
1088789 1088920
1089339 1089404
1089676 1089738
1090106 1090466
1090934 1090980
1091347 1091439
1091571 1091849
1092124 1092444
1092638 1092839
1093316 1093374
1093693 1093873
1094146 1094334
1094681 1094716
1095099 1095467
1095872 1095986
1096126 1096438
1096555 1096878
1096995 1097082
1097264 1097394
1097811 1097843
1098171 1098375
1098869 1099097
1099445 1099603
1099966 1100159
1100613 1101003
1101420 1101696
1102046 1102276
1102566 1102739
1102785 1102899
1103372 1103406
1103645 1104018
1104325 1104432
1104807 1104856
1105058 1105449
1105516 1105858
1105915 1106207
1106223 1106511
1106854 1106994
1107063 1107420
1107544 1107733
1107940 1107996
1108028 1108278
1108776 1109114
1109479 1109836
1110031 1110368
1110458 1110479
1110972 1111159
1111423 1111794
1112282 1112309
1112499 1112783
1113015 1113359
1113372 1113743
1114203 1114512
1114919 1115124
1115385 1115492
1115706 1115776
1115807 1116050
1116293 1116443
1116656 1116657
1117036 1117420
1117688 1117731
1118187 1118357
1118792 1119072
1119353 1119439
1119662 1119835
1120304 1120674
1121071 1121138
1121202 1121501
1121549 1121855
1122299 1122679
1123015 1123113
1123269 1123466
1123895 1124085
1124124 1124357
1124378 1124691
1125069 1125339
1125609 1125667
1125850 1125954
1126127 1126410
1126478 1126626
1126838 1127091
1127169 1127476
1127754 1127976
1128139 1128251
1128350 1128679
1128845 1129223
1129361 1129626
1129822 1130091
1130533 1130580
1130778 1130788
1131072 1131219
1131501 1131663
1131916 1132161
1132544 1132851
1133179 1133197
1133677 1133863
1133869 1134089
1134501 1134534
1134797 1134996
1135303 1135444
1135649 1135973
1136190 1136192
1136379 1136513
1136847 1136937
1137219 1137227
1137448 1137780
1138077 1138412
1138851 1139144
1139317 1139528
1139638 1139820
1140293 1140337
1140487 1140749
1140908 1141068
1141421 1141801
1142191 1142327
1142693 1142699
1142790 1142876
1143325 1143349
1143669 1144014
1144287 1144379
1144638 1144733
1144827 1144992
1145105 1145256
1145601 1145899
1146102 1146161
1146353 1146569
1146820 1147120
1147288 1147652
1147893 1147978
1148167 1148194
1148417 1148492
1148549 1148666
1149110 1149131
1149509 1149909
1150192 1150343
1150358 1150636
1150905 1151076
1151562 1151752
1152174 1152513
1152849 1153168
1153499 1153584
1153717 1153841
1153909 1154012
1154402 1154667
1155020 1155120
1155163 1155371
1155672 1156014
1156265 1156591
1156643 1156668
1156676 1156948
1157315 1157672
1157788 1157938
1158288 1158646
1158768 1158994
1159260 1159394
1159664 1159918
1160362 1160655
1161022 1161062
1161094 1161156
1161373 1161676
1161689 1161962
1162294 1162301
1162749 1162989
1163162 1163213
1163582 1163708
1164023 1164405
1164600 1164612
1164947 1165157
1165519 1165603
1166100 1166179
1166493 1166817
1166880 1167193
1167588 1167692
1167930 1168097
1168300 1168468
1168749 1168932
1169003 1169157
1169334 1169511
1169522 1169527
1169960 1170225
1170395 1170672
1171092 1171484
1171772 1172051
1172520 1172656
1173044 1173374
1173742 1174015
1174272 1174516
1174716 1174908
1174919 1175018
1175091 1175356
1175766 1175829
1176303 1176540
1176631 1176712
1177184 1177351
1177722 1178033
1178409 1178578
1178710 1178933
1178954 1178985
1179475 1179776
1180088 1180393
1180650 1180728
1180801 1180949
1181360 1181484
1181961 1182155
1182328 1182385
1182394 1182516
1182548 1182895
1183292 1183557
1183583 1183938
1184046 1184428
1184570 1184897
1185376 1185635
1185973 1186162
1186471 1186792
1187252 1187371
1187451 1187656
1188014 1188114
1188128 1188525
1188960 1189198
1189280 1189564
1189967 1190074
1190163 1190500
1190526 1190612
1190840 1190886
1191265 1191561
1191905 1192021
1192175 1192478
1192776 1192830
1193186 1193309
1193562 1193589
1193986 1194087
1194566 1194930
1195078 1195174
1195426 1195518
1195540 1195750
1196238 1196413
1196723 1196958
1196976 1197119
1197233 1197310
1197476 1197819
1197978 1198153
1198193 1198449
1198883 1199061
1199516 1199727
1199760 1200049
1200269 1200519
1200925 1201174
1201284 1201459
1201797 1201836
1201881 1202141
1202362 1202548
1203043 1203091
1203205 1203310
1203364 1203459
1203737 1204025
1204169 1204522
1204981 1205056
1205109 1205146
1205470 1205824
1205894 1206149
1206179 1206335
1206490 1206793
1206912 1206966
1206977 1207219
1207408 1207554
1208041 1208222
1208609 1208931
1209246 1209264
1209741 1209817
1210181 1210337
1210553 1210853
1211020 1211114
1211510 1211894
1212005 1212230
1212436 1212774
1213059 1213194
1213427 1213685
1213696 1213975
1214272 1214382
1214587 1214838
1215043 1215130
1215165 1215559
1215890 1216145
1216238 1216625
1217085 1217333
1217779 1217972
1218213 1218516
1218695 1218921
1219198 1219200
1219685 1219718
1219853 1219927
1220037 1220282
1220420 1220559
1220688 1220729
1220812 1221096
1221431 1221453
1221914 1222138
1222382 1222599
1222809 1223050
1223438 1223518
1223648 1223824
1224236 1224399
1224677 1224947
1225275 1225442
1225633 1225717
1225752 1225919
1226330 1226426
1226887 1226981
1227069 1227250
1227712 1227815
1227898 1227911
1228158 1228385
1228800 1229199
1229671 1229734
1229797 1230054
1230261 1230504
1230938 1230954
1231276 1231278
1231497 1231805
1232081 1232339
1232502 1232549
1232635 1232889
1232983 1233244
1233361 1233584
1234011 1234402
1234660 1235017
1235455 1235515
1235696 1235858
1236312 1236475
1236944 1237053
1237320 1237686
1238084 1238282
1238454 1238547
1238834 1238873
1239256 1239449
1239619 1239784
1240039 1240098
1240587 1240600
1240741 1240816
1241024 1241033
1241091 1241455
1241763 1242159
1242291 1242369
1242706 1242847
1243147 1243328
1243480 1243503
1243666 1243876
1243995 1244258
1244522 1244903
1244999 1245327
1245618 1245998
1246486 1246558
1246928 1247186
1247272 1247353
1247668 1247977
1248392 1248762
1248839 1249196
1249570 1249709
1249757 1250069
1250302 1250378
1250826 1250837
1250904 1251218
1251381 1251429
1251662 1251981
1252314 1252537
1252866 1253089
1253256 1253460
1253659 1253906
1254232 1254555
1254924 1255038
1255262 1255388
1255828 1256157
1256491 1256858
1257038 1257135
1257514 1257741
1257953 1258087
1258533 1258808
1259179 1259400
1259867 1259997
1260299 1260496
1260679 1260795
1260799 1261143
1261312 1261331
1261612 1261922
1262021 1262170
1262522 1262618
1263039 1263425
1263815 1263985
1264315 1264527
1264594 1264604
1264990 1265203
1265232 1265280
1265427 1265655
1265774 1265783
1265938 1266203
1266661 1266886
1267233 1267326
1267415 1267515
1267608 1267765
1268159 1268203
1268496 1268612
1268904 1269215
1269545 1269732
1269924 1269983
1270159 1270268
1270688 1270779
1271177 1271378
1271811 1271955
1272253 1272301
1272785 1273123
1273571 1273707
1274001 1274270
1274710 1274958
1274971 1275345
1275705 1275814
1275971 1275982
1276177 1276526
1276669 1276733
1276951 1277261
1277453 1277541
1278022 1278138
1278181 1278464
1278848 1279117
1279530 1279776
1280176 1280229
1280489 1280748
1281062 1281115
1281219 1281343
1281717 1281778
1282058 1282079
1282182 1282455
1282704 1282878
1283310 1283516
1283991 1284039
1284401 1284461
1284758 1284937
1285255 1285298
1285518 1285624
1286033 1286281
1286424 1286431
1286721 1286999
1287470 1287663
1287982 1288287
1288632 1288892
1289213 1289516
1289723 1289945
1290286 1290429
1290854 1291164
1291485 1291667
1291946 1292342
1292444 1292446
1292845 1293207
1293491 1293815
1294114 1294408
1294726 1294831
1294984 1295039
1295239 1295371
1295471 1295867
1296053 1296203
1296456 1296475
1296825 1297005
1297248 1297386
1297508 1297669
1297695 1297978
1298102 1298447
1298531 1298692
1299148 1299394
1299821 1300213
1300512 1300669
1300991 1301350
1301725 1302090
1302170 1302325
1302395 1302692
1302743 1303014
1303316 1303484
1303735 1303873
1303922 1303967
1304113 1304304
1304781 1304965
1305427 1305817
1306125 1306310
1306635 1306767
1307049 1307359
1307553 1307736
1307996 1308348
1308701 1308948
1309261 1309506
1309584 1309593
1309831 1309859
1310088 1310205
1310699 1310912
1311376 1311383
1311804 1312154
1312441 1312479
1312563 1312642
1313129 1313284
1313302 1313469
1313574 1313740
1314130 1314446
1314752 1315007
1315503 1315707
1315958 1316255
1316307 1316499
1316629 1316734
1316779 1317153
1317179 1317517
1317760 1318075
1318411 1318805
1319011 1319027
1319452 1319793
1319801 1319830
1320298 1320550
1320977 1321011
1321429 1321577
1321820 1321981
1322317 1322637
1322884 1323080
1323388 1323637
1323847 1324216
1324684 1324864
1325271 1325590
1326045 1326049
1326380 1326528
1326837 1327211
1327615 1327756
1327799 1328113
1328265 1328652
1328885 1328998
1329323 1329696
1329757 1330004
1330141 1330275
1330333 1330562
1330713 1330973
1331115 1331259
1331272 1331579
1332052 1332058
1332348 1332676
1333045 1333278
1333776 1333928
1333942 1334009
1334013 1334249
1334668 1334941
1335040 1335278
1335714 1335960
1336211 1336311
1336331 1336725
1336825 1336905
1337204 1337288
1337629 1337953
1338300 1338370
1338792 1339109
1339162 1339503
1339981 1340251
1340594 1340700
1341102 1341237
1341521 1341653
1341941 1342265
1342714 1342958
1343408 1343770
1343795 1344015
1344126 1344234
1344410 1344646
1344683 1344951
1345257 1345494
1345778 1345832
1346194 1346534
1346563 1346589
1346884 1347117
1347468 1347726
1348046 1348373
1348619 1348843
1349340 1349713
1349900 1350254
1350350 1350487
1350746 1350911
1351034 1351110
1351488 1351649
1351833 1352039
1352129 1352491
1352788 1353152
1353167 1353518
1353806 1354000
1354482 1354822
1354824 1355132
1355183 1355205
1355586 1355741
1356179 1356267
1356634 1356913
1357013 1357031
1357522 1357756
1357958 1358005
1358081 1358105
1358451 1358543
1358637 1358739
1359150 1359303
1359693 1359821
1359943 1360037
1360461 1360797
1360915 1361231
1361486 1361537
1361708 1362004
1362334 1362401
1362499 1362583
1362626 1362647
1362881 1363152
1363215 1363560
1363663 1363989
1364088 1364468
1364727 1364986
1365165 1365449
1365684 1366032
1366247 1366376
1366498 1366682
1366954 1367218
1367541 1367704
1367850 1367902
1368360 1368559
1368957 1369198
1369419 1369571
1369699 1369930
1369982 1370098
1370166 1370293
1370754 1370766
1371074 1371091
1371428 1371434
1371504 1371879
1372020 1372299
1372351 1372588
1372836 1372993
1373173 1373390
1373666 1373670
1373904 1374060
1374381 1374729
1374996 1375046
1375053 1375287
1375697 1375749
1376123 1376331
1376466 1376660
1376979 1377152
1377633 1377901
1377941 1378218
1378717 1378942
1379140 1379167
1379299 1379374
1379680 1379888
1380319 1380559
1381045 1381300
1381768 1382010
1382045 1382245
1382565 1382687
1382946 1383173
1383576 1383889
1384111 1384433
1384758 1384848
1385278 1385499
1385519 1385705
1386055 1386160
1386205 1386406
1386642 1386855
1387177 1387521
1387602 1387760
1388180 1388231
1388607 1388769
1388932 1388982
1389320 1389599
1390035 1390330
1390763 1390771
1391167 1391550
1391607 1391736
1391886 1392169
1392371 1392450
1392814 1392858
1393356 1393513
1393950 1394034
1394412 1394735
1394872 1395029
1395314 1395375
1395427 1395701
1396038 1396190
1396212 1396585
1396979 1397373
1397759 1397878
1398015 1398380
1398753 1399146
1399459 1399727
1400171 1400233
1400422 1400513
1400994 1401011
1401033 1401333
1401575 1401650
1401660 1401669
1401980 1402294
1402473 1402653
1402792 1403064
1403285 1403678
1403792 1403936
1404327 1404552
1404720 1404812
1405216 1405463
1405886 1406268
1406560 1406846
1406857 1407146
1407263 1407586
1407993 1408043
1408271 1408341
1408569 1408870
1408913 1409309
1409579 1409730
1409969 1410308
1410645 1411022
1411185 1411583
1412045 1412236
1412619 1412835
1412954 1413228
1413394 1413510
1413946 1414191
1414460 1414579
1414773 1414902
1415208 1415515
1415722 1415868
1415938 1416007
1416070 1416287
1416499 1416657
1416737 1416991
1417292 1417348
1417724 1417988
1418446 1418826
1419111 1419387
1419756 1420103
1420259 1420448
1420549 1420647
1420723 1420789
1421100 1421167
1421655 1422031
1422326 1422684
1423005 1423312
1423642 1423761
1424063 1424460
1424477 1424519
1424658 1424869
1425082 1425170
1425528 1425810
1425821 1426026
1426150 1426422
1426576 1426864
1427208 1427271
1427664 1427670
1427740 1427872
1428083 1428390
1428392 1428551
1428893 1429092
1429252 1429509
1429654 1429834
1430319 1430524
1430565 1430591
1430841 1431154
1431441 1431643
1432113 1432433
1432610 1432744
1433133 1433171
1433482 1433608
1433656 1433721
1434127 1434231
1434255 1434643
1434933 1435258
1435319 1435396
1435479 1435841
1436137 1436311
1436719 1436750
1437216 1437436
1437842 1437851
1438279 1438570
1438991 1439089
1439352 1439456
1439819 1440192
1440361 1440509
1440993 1441026
1441120 1441148
1441511 1441744
1441861 1441868
1442177 1442508
1442736 1442849
1442881 1443219
1443345 1443592
1444069 1444308
1444798 1445064
1445406 1445806
1446134 1446293
1446741 1446935
1447218 1447580
1447885 1448185
1448558 1448641
1448821 1449164
1449281 1449531
1449582 1449776
1449803 1450080
1450090 1450313
1450801 1450951
1451007 1451112
1451351 1451361
1451400 1451683
1451984 1452200
1452205 1452497
1452777 1453033
1453286 1453434
1453669 1453978
1454023 1454047
1454066 1454236
1454710 1454755
1454979 1455035
1455110 1455302
1455763 1456064
1456414 1456547
1456676 1456722
1456855 1457157
1457547 1457846
1457997 1458052
1458215 1458295
1458558 1458724
1458806 1458886
1459242 1459369
1459528 1459750
1460201 1460325
1460693 1460712
1461148 1461384
1461579 1461644
1461811 1461944
1462379 1462670
1462813 1463117
1463489 1463619
1463824 1464046
1464269 1464288
1464436 1464582
1464730 1464857
1465155 1465502
1465942 1466221
1466576 1466726
1467006 1467346
1467487 1467868
1467936 1468232
1468502 1468632
1469015 1469239
1469524 1469702
1469707 1469991
1470372 1470551
1470674 1470779
1470841 1471109
1471303 1471537
1471553 1471797
1471851 1472151
1472485 1472578
1472905 1473166
1473527 1473690
1474124 1474391
1474427 1474759
1474800 1474982
1475161 1475509
1475565 1475711
1475949 1476218
1476581 1476664
1476679 1476740
1476804 1476832
1477174 1477502
1477901 1478104
1478289 1478494
1478987 1479103
1479158 1479465
1479480 1479824
1480059 1480421
1480618 1480752
1480804 1480929
1481135 1481392
1481674 1481864
1482233 1482301
1482548 1482685
1483029 1483282
1483636 1483773
1483972 1484260
1484565 1484942
1485076 1485188
1485586 1485703
1486053 1486166
1486571 1486906
1487009 1487147
1487247 1487323
1487399 1487768
1487786 1488024
1488334 1488451
1488920 1489040
1489067 1489394
1489476 1489778
1489908 1489938
1490353 1490454
1490557 1490695
1490991 1491295
1491352 1491747
1491816 1492097
1492169 1492203
1492240 1492579
1492917 1493005
1493382 1493598
1493924 1494033
1494502 1494698
1495148 1495430
1495762 1496028
1496069 1496417
1496747 1497063
1497162 1497339
1497364 1497526
1497845 1497902
1498060 1498273
1498321 1498574
1498699 1498988
1499050 1499381
1499632 1499654
1499836 1499955
1500364 1500580
1500673 1500756
1500833 1500999
1501148 1501327
1501456 1501520
1501966 1502246
1502255 1502308
1502689 1502841
1503157 1503190
1503455 1503540
1503599 1503838
1504276 1504597
1504697 1504946
1505302 1505697
1505888 1506071
1506090 1506307
1506334 1506503
1506722 1507093
1507132 1507165
1507410 1507802
1508027 1508307
1508407 1508592
1508904 1509082
1509515 1509823
1510245 1510309
1510354 1510633
1510726 1510906
1510922 1511103
1511521 1511534
1511924 1512240
1512636 1512890
1513283 1513472
1513785 1513961
1514241 1514456
1514696 1514958
1515256 1515508
1515592 1515875
1516223 1516490
1516941 1517241
1517463 1517563
1517579 1517768
1518207 1518581
1518882 1519205
1519461 1519831
1520082 1520370
1520808 1521185
1521437 1521731
1522214 1522594
1522764 1522911
1523046 1523395
1523880 1523961
1524434 1524750
1524839 1524931
1525316 1525709
1525824 1525826
1526325 1526421
1526481 1526704
1526894 1527220
1527274 1527352
1527573 1527913
1528039 1528147
1528382 1528669
1528908 1528963
1529461 1529496
1529892 1530098
1530142 1530368
1530376 1530516
1530569 1530881
1531207 1531562
1531919 1532291
1532651 1532729
1533214 1533260
1533429 1533637
1533664 1533916
1534223 1534420
1534851 1535159
1535345 1535726
1535902 1536171
1536348 1536461
1536554 1536940
1537273 1537564
1537985 1538111
1538375 1538600
1538954 1539139
1539162 1539331
1539365 1539447
1539586 1539965
1540012 1540344
1540574 1540778
1540922 1541189
1541300 1541447
1541941 1542267
1542524 1542634
1542692 1542981
1543351 1543482
1543648 1543755
1544238 1544431
1544578 1544668
1545146 1545401
1545855 1545894
1545916 1546191
1546343 1546534
1546942 1547071
1547464 1547848
1547949 1548111
1548261 1548588
1548823 1549002
1549309 1549566
1549818 1550043
1550306 1550539
1550720 1550828
1550841 1550948
1551345 1551678
1551979 1552209
1552591 1552771
1552867 1552894
1552985 1553173
1553251 1553621
1553880 1553923
1554376 1554684
1554849 1555230
1555234 1555590
1555928 1556049
1556277 1556286
1556725 1557066
1557242 1557472
1557587 1557778
1558189 1558290
1558574 1558606
1558771 1559134
1559488 1559697
1560195 1560229
1560662 1560738
1561201 1561467
1561741 1561756
1561974 1562241
1562350 1562390
1562511 1562591
1562743 1562974
1563418 1563532
1563712 1563789
1563822 1564191
1564549 1564801
1565090 1565378
1565574 1565868
1566286 1566534
1566860 1566864
1567118 1567439
1567667 1567684
1568117 1568160
1568366 1568580
1568671 1569069
1569280 1569576
1569713 1570090
1570098 1570254
1570700 1570858
1571062 1571144
1571492 1571741
1571859 1572032
1572064 1572388
1572827 1573037
1573360 1573658
1573980 1574174
1574459 1574789
1575258 1575645
1575979 1576084
1576303 1576387
1576608 1576811
1577276 1577367
1577502 1577638
1577766 1577884
1577950 1578203
1578696 1578828
1579048 1579200
1579548 1579688
1580023 1580332
1580491 1580537
1580761 1580796
1581059 1581383
1581478 1581708
1581753 1582135
1582307 1582313
1582666 1582843
1583146 1583156
1583253 1583470
1583940 1584292
1584736 1584893
1585156 1585547
1585617 1585851
1585882 1586103
1586558 1586878
1587233 1587415
1587614 1587648
1587814 1588182
1588422 1588428
1588710 1589098
1589560 1589729
1589825 1590098
1590178 1590201
1590206 1590261
1590296 1590302
1590370 1590582
1590708 1590976
1591309 1591434
1591852 1591989
1592137 1592181
1592664 1592865
1592992 1593006
1593078 1593169
1593375 1593491
1593839 1594011
1594101 1594318
1594581 1594876
1595174 1595339
1595668 1595891
1596045 1596289
1596381 1596614
1596818 1597148
1597566 1597791
1597994 1598362
1598854 1599203
1599585 1599778
1599991 1600030
1600291 1600474
1600881 1601003
1601094 1601250
1601725 1601849
1602325 1602328
1602549 1602685
1602809 1603149
1603646 1603912
1604154 1604394
1604678 1604858
1604942 1605242
1605568 1605963
1606392 1606718
1607035 1607225
1607380 1607767
1607929 1608026
1608408 1608482
1608626 1608800
1608938 1608944
1609300 1609603
1609720 1609841
1610248 1610592
1611045 1611386
1611500 1611784
1611980 1611982
1611986 1612053
1612271 1612489
1612563 1612709
1612750 1612939
1613433 1613773
1614007 1614070
1614431 1614606
1615088 1615460
1615723 1615790
1616082 1616478
1616859 1616978
1617240 1617441
1617640 1617845
1618127 1618482
1618752 1619001
1619195 1619587
1619687 1619949
1620208 1620299
1620469 1620504
1620930 1621246
1621315 1621629
1621685 1621870
1622287 1622549
1622790 1623060
1623389 1623573
1623758 1624115
1624328 1624696
1624927 1625140
1625285 1625315
1625624 1625720
1625899 1626154
1626293 1626626
1626764 1627117
1627265 1627405
1627651 1627746
1628166 1628288
1628329 1628650
1629107 1629123
1629562 1629771
1629986 1629988
1630076 1630447
1630743 1630950
1631421 1631771
1631984 1632193
1632423 1632631
1633027 1633371
1633383 1633656
1633789 1633910
1633920 1634230
1634541 1634605
1635014 1635177
1635573 1635823
1635829 1636136
1636595 1636858
1637101 1637284
1637580 1637715
1638207 1638326
1638744 1639012
1639337 1639681
1639992 1640086
1640310 1640497
1640842 1641222
1641546 1641762
1641843 1642170
1642283 1642297
1642582 1642619
1642798 1642887
1642972 1643053
1643068 1643175
1643611 1643832
1644255 1644375
1644483 1644844
1645103 1645202
1645448 1645451
1645946 1645962
1645987 1646290
1646740 1646852
1647060 1647131
1647145 1647379
1647479 1647865
1647986 1648293
1648294 1648502
1648572 1648848
1649086 1649272
1649512 1649656
1649695 1649910
1650070 1650414
1650824 1651156
1651544 1651753
1652203 1652502
1652968 1653168
1653260 1653311
1653425 1653815
1653836 1654006
1654040 1654431
1654660 1654791
1655117 1655282
1655622 1656022
1656412 1656429
1656642 1657034
1657408 1657725
1658064 1658239
1658707 1658930
1658974 1659154
1659618 1659628
1660016 1660168
1660360 1660708
1660984 1661347
1661701 1662058
1662320 1662453
1662849 1662944
1663267 1663513
1663901 1663985
1664156 1664512
1664619 1664823
1664983 1665324
1665370 1665598
1665785 1666182
1666272 1666301
1666392 1666681
1667098 1667488
1667591 1667826
1668323 1668349
1668611 1668956
1669064 1669224
1669573 1669882
1669911 1670070
1670420 1670469
1670814 1671139
1671390 1671721
1671990 1672099
1672525 1672699
1673191 1673396
1673645 1673977
1674136 1674147
1674265 1674556
1675042 1675204
1675605 1675780
1675921 1676114
1676591 1676690
1676965 1676990
1676999 1677165
1677578 1677908
1678099 1678111
1678222 1678463
1678786 1679122
1679443 1679639
1679904 1680030
1680365 1680387
1680781 1680990
1681395 1681568
1681810 1681894
1682160 1682415
1682824 1683026
1683432 1683673
1683769 1684125
1684481 1684779
1685057 1685371
1685490 1685740
1685762 1686051
1686201 1686266
1686470 1686697
1686797 1686840
1687251 1687432
1687714 1688051
1688193 1688267
1688457 1688611
1688770 1688982
1689176 1689482
1689924 1689951
1690162 1690453
1690908 1691283
1691657 1691793
1691817 1691983
1692473 1692710
1692984 1693181
1693583 1693611
1693653 1693739
1694199 1694492
1694858 1694999
1695205 1695537
1695981 1696107
1696307 1696528
1696918 1697248
1697542 1697933
1698243 1698517
1699014 1699035
1699355 1699725
1699976 1700172
1700517 1700858
1701084 1701187
1701558 1701761
1702059 1702116
1702155 1702341
1702665 1702721
1702826 1703207
1703395 1703563
1703785 1704087
1704119 1704167
1704445 1704834
1705049 1705370
1705497 1705508
1705954 1706260
1706758 1706868
1706932 1707158
1707653 1707879
1708333 1708460
1708940 1709332
1709735 1710131
1710513 1710684
1710939 1711300
1711641 1711902
1712003 1712390
1712553 1712613
1712809 1713108
1713427 1713567
1714037 1714361
1714582 1714839
1715178 1715367
1715469 1715631
1715861 1716035
1716260 1716475
1716582 1716765
1716928 1716945
1717092 1717099
1717495 1717613
1717960 1718023
1718391 1718778
1718846 1718879
1718968 1719057
1719388 1719548
1719600 1719628
1719712 1719977
1720458 1720787
1720896 1721166
1721501 1721514
1721999 1722130
1722203 1722424
1722541 1722789
1723042 1723045
1723180 1723453
1723806 1724163
1724495 1724855
1725090 1725099
1725527 1725537
1726005 1726323
1726384 1726552
1726839 1727212
1727529 1727762
1728015 1728189
1728405 1728434
1728498 1728721
1728742 1728821
1728868 1729095
1729515 1729591
1729616 1729910
1730185 1730530
1730849 1731175
1731544 1731691
1731992 1732102
1732249 1732308
1732343 1732501
1732714 1732819
1732899 1732945
1733103 1733438
1733739 1733966
1734105 1734482
1734849 1735115
1735361 1735397
1735754 1735837
1735900 1736045
1736294 1736656
1736986 1737384
1737750 1738132
1738339 1738722
1738806 1739054
1739499 1739514
1739780 1739991
1740166 1740464
1740628 1740659
1741018 1741030
1741482 1741819
1741906 1742298
1742658 1742836
1743061 1743093
1743551 1743731
1743989 1744281
1744363 1744441
1744813 1744844
1744949 1745159
1745171 1745190
1745675 1745846
1746236 1746546
1746656 1746761
1746836 1746850
1747007 1747274
1747370 1747499
1747935 1748133
1748191 1748523
1748718 1748934
1749020 1749203
1749599 1749851
1750233 1750568
1750941 1751027
1751504 1751728
1751740 1752042
1752492 1752668
1752945 1753091
1753300 1753622
1754070 1754197
1754651 1754925
1755003 1755167
1755177 1755382
1755477 1755522
1755785 1756011
1756292 1756449
1756772 1756998
1757191 1757499
1757527 1757850
1758250 1758492
1758792 1758958
1759454 1759546
1759631 1759978
1760116 1760169
1760472 1760608
1760752 1761059
1761423 1761749
1762122 1762232
1762508 1762768
1763047 1763144
1763186 1763506
1763609 1764007
1764205 1764603
1764898 1765271
1765667 1765984
1766225 1766417
1766823 1767114
1767182 1767432
1767759 1768024
1768058 1768260
1768621 1768798
1768836 1768927
1769278 1769443
1769518 1769667
1770037 1770426
1770765 1770883
1771151 1771299
1771339 1771704
1771993 1772161
1772552 1772823
1773003 1773128
1773190 1773388
1773541 1773544
1774000 1774261
1774528 1774586
1774830 1775219
1775637 1775823
1776132 1776403
1776811 1777129
1777164 1777558
1778051 1778096
1778506 1778794
1779103 1779283
1779695 1779895
1780154 1780424
1780606 1780811
1780815 1781121
1781150 1781176
1781317 1781367
1781692 1781757
1781879 1781983
1782157 1782238
1782405 1782534
1782807 1783127
1783290 1783679
1783733 1784029
1784268 1784356
1784766 1785056
1785506 1785556
1785801 1786125
1786254 1786383
1786784 1786885
1787137 1787183
1787220 1787565
1787646 1787702
1788029 1788202
1788351 1788697
1788974 1789149
1789243 1789556
1790014 1790092
1790298 1790542
1790867 1791051
1791340 1791562
1791950 1792337
1792836 1792902
1793381 1793586
1793697 1793878
1794052 1794216
1794360 1794479
1794782 1795025
1795509 1795688
1796127 1796493
1796741 1797009
1797049 1797384
1797437 1797567
1797786 1797938
1797970 1798260
1798451 1798685
1799099 1799146
1799185 1799382
1799537 1799705
1799869 1800016
1800255 1800517
1800766 1801110
1801158 1801419
1801723 1802016
1802021 1802389
1802506 1802555
1803021 1803277
1803364 1803584
1803710 1803724
1804064 1804101
1804467 1804507
1804989 1805119
1805127 1805219
1805427 1805559
1805833 1806113
1806390 1806434
1806584 1806971
1807072 1807127
1807518 1807729
1807963 1808081
1808468 1808572
1808781 1808969
1809248 1809271
1809624 1809989
1810453 1810841
1811332 1811620
1812054 1812233
1812412 1812677
1813121 1813260
1813708 1814056
1814182 1814321
1814325 1814331
1814626 1814955
1815279 1815533
1815881 1816038
1816200 1816261
1816663 1816977
1817420 1817663
1817745 1817810
1818164 1818185
1818321 1818483
1818981 1819165
1819236 1819590
1819797 1820037
1820268 1820481
1820677 1821050
1821429 1821553
1821849 1822070
1822201 1822362
1822827 1823165
1823227 1823592
1823620 1823721
1824119 1824369
1824824 1824892
1825025 1825222
1825596 1825921
1826210 1826239
1826603 1826889
1827068 1827282
1827774 1827928
1828104 1828362
1828530 1828544
1828777 1828780
1829273 1829337
1829664 1829774
1830040 1830321
1830806 1831075
1831545 1831802
1831899 1832170
1832490 1832648
1833075 1833178
1833219 1833440
1833603 1833810
1833864 1833914
1834289 1834537
1834940 1835015
1835390 1835483
1835967 1836365
1836590 1836749
1836822 1837188
1837452 1837769
1838049 1838432
1838781 1838842
1838911 1839141
1839508 1839588
1840006 1840242
1840590 1840906
1841358 1841570
1841923 1842204
1842533 1842669
1842950 1842996
1843173 1843287
1843434 1843593
1844085 1844416
1844754 1844910
1844981 1845031
1845204 1845342
1845649 1845816
1845903 1846107
1846488 1846506
1846753 1846906
1847396 1847470
1847619 1847626
1848003 1848291
1848765 1848993
1849191 1849583
1849606 1849848
1849969 1850262
1850300 1850663
1850686 1850828
1851303 1851669
1851980 1852138
1852441 1852639
1853136 1853375
1853839 1854135
1854145 1854414
1854858 1854996
1855113 1855286
1855414 1855693
1855922 1856015
1856084 1856124
1856568 1856858
1857213 1857369
1857479 1857542
1857668 1857877
1857909 1858282
1858587 1858682
1859126 1859339
1859344 1859698
1859820 1859928
1860053 1860199
1860283 1860474
1860791 1861035
1861125 1861184
1861458 1861785
1862210 1862261
1862271 1862559
1862703 1863052
1863324 1863716
1863746 1863963
1864311 1864496
1864690 1865081
1865502 1865879
1866153 1866395
1866847 1867061
1867553 1867675
1867917 1868268
1868729 1868815
1869013 1869067
1869460 1869615
1869718 1869889
1870381 1870589
1871066 1871400
1871734 1871964
1872027 1872403
1872742 1872832
1873072 1873248
1873527 1873794
1874222 1874332
1874673 1874848
1875189 1875251
1875444 1875640
1875992 1876298
1876445 1876670
1877119 1877417
1877466 1877846
1878275 1878525
1878921 1879144
1879419 1879449
1879896 1880070
1880425 1880739
1881210 1881553
1881876 1881968
1882040 1882388
1882838 1882935
1883271 1883382
1883876 1884186
1884332 1884466
1884913 1884930
1885125 1885505
1885667 1886035
1886209 1886235
1886546 1886923
1887379 1887607
1887969 1887981
1888352 1888590
1889054 1889407
1889551 1889622
1889740 1889943
1889984 1890205
1890554 1890720
1891205 1891371
1891478 1891705
1891780 1892058
1892252 1892468
1892829 1892995
1893248 1893450
1893921 1893923
1894087 1894371
1894774 1895000
1895085 1895406
1895579 1895649
1895814 1896009
1896509 1896829
1896964 1897232
1897377 1897397
1897705 1898044
1898219 1898274
1898369 1898426
1898874 1899011
1899348 1899700
1900067 1900227
1900641 1900807
1901243 1901390
1901405 1901528
1901893 1902268
1902588 1902770
1902923 1903281
1903523 1903923
1904300 1904552
1904925 1905056
1905400 1905417
1905620 1905725
1905896 1906293
1906726 1906762
1907142 1907325
1907444 1907818
1907848 1908109
1908509 1908546
1908729 1908937
1908960 1909234
1909429 1909486
1909958 1910173
1910288 1910328
1910505 1910678
1910857 1911189
1911263 1911456
1911577 1911873
1912131 1912159
1912272 1912500
1912651 1913032
1913433 1913621
1913935 1914287
1914344 1914741
1914781 1914918
1915200 1915406
1915663 1915950
1916073 1916136
1916153 1916385
1916415 1916805
1917228 1917565
1917720 1918046
1918109 1918206
1918331 1918374
1918711 1918966
1919448 1919783
1919821 1919852
1920256 1920508
1920982 1921289
1921345 1921517
1921680 1921854
1922092 1922177
1922256 1922515
1922557 1922884
1923233 1923604
1923965 1924292
1924751 1925022
1925452 1925462
1925674 1926025
1926283 1926508
1926798 1927099
1927461 1927552
1927925 1928027
1928338 1928501
1928925 1929317
1929436 1929483
1929804 1929897
1929995 1930196
1930532 1930688
1931098 1931395
1931527 1931664
1931970 1932018
1932408 1932475
1932656 1932928
1933025 1933386
1933428 1933475
1933703 1934076
1934533 1934631
1934665 1934860
1935346 1935670
1935781 1935833
1936115 1936146
1936213 1936545
1936975 1937224
1937366 1937413
1937581 1937935
1938315 1938521
1938710 1938771
1939135 1939243
1939347 1939613
1939700 1939870
1940304 1940311
1940707 1940782
1941052 1941102
1941517 1941537
1941815 1941895
1942036 1942132
1942155 1942208
1942636 1942678
1942933 1943197
1943514 1943526
1943796 1943989
1944138 1944232
1944294 1944314
1944677 1944947
1945122 1945290
1945440 1945477
1945586 1945626
1946028 1946251
1946628 1946932
1946974 1947131
1947624 1947836
1948243 1948481
1948755 1948845
1949113 1949445
1949580 1949626
1949855 1949955
1950370 1950686
1950998 1951085
1951196 1951285
1951772 1951828
1951830 1951910
1952373 1952467
1952624 1952777
1953056 1953120
1953146 1953379
1953867 1954244
1954724 1954961
1955310 1955467
1955584 1955752
1955800 1955843
1955928 1956235
1956667 1956764
1956961 1957289
1957420 1957460
1957676 1957994
1958458 1958565
1958910 1959110
1959533 1959853
1959941 1960255
1960696 1960801
1961162 1961490
1961610 1961953
1962260 1962361
1962568 1962848
1963319 1963346
1963829 1963990
1964230 1964286
1964721 1965100
1965592 1965944
1966006 1966091
1966208 1966437
1966507 1966510
1966515 1966571
1966973 1967061
1967138 1967275
1967342 1967355
1967670 1967716
1967877 1968023
1968059 1968224
1968437 1968691
1968874 1969205
1969256 1969386
1969835 1970126
1970266 1970601
1971075 1971361
1971557 1971716
1972098 1972473
1972743 1972913
1973131 1973492
1973610 1973937
1974281 1974516
1974531 1974745
1974830 1974930
1975279 1975303
1975736 1975932
1976060 1976106
1976481 1976694
1976716 1976917
1977212 1977532
1977891 1978158
1978298 1978530
1978919 1978969
1979351 1979517
1979619 1979777
1980202 1980340
1980388 1980707
1981073 1981120
1981450 1981519
1981971 1982227
1982289 1982347
1982693 1982776
1983215 1983227
1983506 1983568
1983718 1983760
1984031 1984348
1984797 1985058
1985530 1985572
1985627 1985752
1986227 1986332
1986487 1986857
1986976 1987274
1987544 1987676
1987952 1987995
1988284 1988574
1988748 1988876
1989246 1989425
1989458 1989696
1989963 1990346
1990548 1990788
1990941 1991048
1991244 1991429
1991430 1991704
1991942 1992198
1992349 1992692
1992888 1992961
1993056 1993270
1993564 1993640
1994124 1994285
1994780 1995070
1995351 1995428
1995652 1996018
1996137 1996246
1996571 1996759
1996901 1997255
1997597 1997812
1998058 1998295
1998368 1998444
1998585 1998788
1999243 1999550
1999983 2000317
2000807 2001093
2001527 2001889
2001955 2002279
2002718 2002984
2003098 2003388
2003846 2004020
2004392 2004612
2004944 2005089
2005505 2005671
2005969 2006365
2006700 2007081
2007148 2007358
2007360 2007602
2007734 2007777
2008021 2008166
2008323 2008398
2008836 2009180
2009499 2009798
2009951 2010201
2010484 2010793
2011003 2011260
2011547 2011681
2011807 2011916
2012208 2012277
2012647 2012748
2012922 2012961
2013321 2013379
2013769 2014099
2014322 2014551
2014955 2015311
2015644 2015823
2016094 2016494
2016805 2016890
2016953 2017150
2017317 2017322
2017417 2017572
2017824 2018101
2018545 2018800
2019217 2019441
2019854 2020191
2020565 2020584
2020667 2020880
2021291 2021432
2021849 2022206
2022473 2022768
2022959 2023197
2023217 2023505
2023858 2024098
2024339 2024550
2024616 2024686
2024721 2024924
2025048 2025105
2025448 2025528
2025897 2026258
2026310 2026582
2026818 2027178
2027460 2027825
2028180 2028436
2028654 2028948
2029072 2029224
2029512 2029729
2029981 2029987
2030172 2030249
2030291 2030634
2030707 2030846
2031007 2031013
2031293 2031360
2031452 2031842
2032095 2032155
2032472 2032768
2032863 2032883
2033207 2033211
2033599 2033929
2034270 2034537
2034794 2035093
2035372 2035686
2035794 2035838
2036044 2036132
2036408 2036676
2036806 2037201
2037615 2037831
2037967 2038041
2038126 2038257
2038368 2038747
2039060 2039370
2039780 2039920
2040047 2040270
2040598 2040698
2041132 2041337
2041634 2042028
2042282 2042506
2042835 2042982
2043319 2043558
2044002 2044324
2044523 2044822
2045063 2045344
2045714 2045921
2046394 2046715
2046877 2046973
2047461 2047688
2047843 2048190
2048654 2049025
2049357 2049453
2049547 2049930
2050094 2050452
2050732 2051080
2051392 2051649
2052079 2052111
2052587 2052670
2052901 2053227
2053597 2053772
2054237 2054419
2054481 2054706
2055130 2055503
2055958 2056180
2056221 2056297
2056600 2056943
2057271 2057592
2057878 2058072
2058207 2058500
2058825 2058986
2059420 2059473
2059576 2059589
2059875 2059927
2059980 2060340
2060462 2060765
2060783 2060925
2061238 2061407
2061729 2062006
2062203 2062381
2062879 2063157
2063375 2063639
2063996 2064112
2064207 2064309
2064475 2064800
2064983 2065208
2065242 2065559
2065901 2066023
2066121 2066380
2066670 2066755
2067083 2067204
2067252 2067565
2067940 2068273
2068465 2068762
2069131 2069394
2069759 2070065
2070095 2070116
2070233 2070306
2070667 2070759
2070921 2071221
2071425 2071465
2071764 2072012
2072384 2072385
2072687 2072970
2072987 2073377
2073712 2073933
2074209 2074500
2074982 2075344
2075839 2076104
2076332 2076613
2076866 2076899
2077150 2077192
2077283 2077601
2077859 2078084
2078472 2078533
2078550 2078587
2078643 2078914
2078931 2078973
2079246 2079551
2079758 2080054
2080140 2080307
2080772 2081048
2081171 2081398
2081748 2082060
2082298 2082371
2082818 2082995
2083259 2083596
2083877 2084099
2084225 2084581
2084884 2085051
2085311 2085535
2085785 2085883
2086314 2086374
2086604 2086863
2087022 2087185
2087641 2087912
2088313 2088349
2088704 2088719
2088723 2088996
2089329 2089697
2089904 2090278
2090561 2090833
2090944 2091052
2091207 2091385
2091779 2091892
2092258 2092470
2092788 2093123
2093313 2093436
2093604 2093896
2094291 2094465
2094771 2095059
2095102 2095311
2095408 2095789
2096081 2096425
2096779 2096878
2096893 2097202
2097587 2097898
2098317 2098572
2098877 2098914
2099111 2099444
2099585 2099921
2100027 2100402
2100453 2100641
2101014 2101169
2101411 2101571
2101897 2102129
2102253 2102584
2102757 2102899
2103292 2103437
2103624 2103959
2104051 2104227
2104682 2104832
2105131 2105400
2105519 2105896
2106100 2106265
2106496 2106673
2107121 2107212
2107259 2107471
2107674 2107894
2108361 2108581
2108835 2109181
2109253 2109499
2109591 2109827
2110058 2110271
2110370 2110457
2110670 2110791
2110935 2111122
2111340 2111418
2111824 2112084
2112464 2112800
2112813 2113023
2113474 2113635
2113874 2113984
2114228 2114333
2114684 2114705
2115111 2115225
2115435 2115746
2115785 2116072
2116183 2116384
2116876 2116883
2116957 2117304
2117782 2117920
2118101 2118454
2118604 2118934
2119327 2119541
2119965 2120196
2120231 2120296
2120472 2120573
2120698 2121051
2121190 2121440
2121451 2121805
2122208 2122221
2122663 2122731
2122925 2123036
2123218 2123388
2123728 2124087
2124388 2124519
2124686 2124797
2125265 2125491
2125856 2125942
2126344 2126526
2126677 2126841
2127115 2127218
2127700 2127741
2127861 2128192
2128216 2128434
2128902 2129145
2129298 2129564
2129597 2129691
2129979 2130219
2130281 2130519
2130923 2131131
2131232 2131287
2131549 2131922
2131946 2132227
2132606 2132910
2133300 2133447
2133599 2133874
2134002 2134303
2134700 2135057
2135178 2135426
2135712 2136006
2136314 2136363
2136530 2136922
2137010 2137036
2137046 2137270
2137503 2137516
2137887 2138169
2138589 2138661
2139113 2139172
2139347 2139461
2139637 2139978
2140290 2140623
2141062 2141230
2141263 2141556
2141822 2141849
2142215 2142484
2142635 2142689
2142789 2143129
2143463 2143516
2143891 2144089
2144527 2144888
2144951 2145158
2145596 2145880
2146133 2146279
2146458 2146498
2146774 2147007
2147232 2147364
2147374 2147444
2147613 2147793
2148265 2148363
2148804 2149057
2149387 2149502
2149651 2149731
2149819 2150191
2150347 2150383
2150850 2151070
2151071 2151384
2151577 2151872
2151945 2152246
2152342 2152676
2153118 2153265
2153388 2153542
2154017 2154402
2154469 2154772
2154783 2155120
2155464 2155752
2156186 2156376
2156440 2156820
2157240 2157634
2157667 2157734
2158215 2158273
2158314 2158668
2158709 2159045
2159179 2159425
2159917 2160007
2160409 2160685
2160775 2160882
2161297 2161340
2161466 2161685
2161770 2162122
2162327 2162487
2162812 2162952
2163421 2163789
2164256 2164340
2164361 2164610
2165058 2165134
2165607 2165824
2166021 2166055
2166245 2166263
2166686 2166722
2166746 2166853
2167112 2167115
2167614 2167941
2168301 2168550
2168684 2168965
2169072 2169434
2169661 2169891
2170366 2170674
2170687 2171070
2171104 2171393
2171575 2171618
2171876 2172089
2172214 2172374
2172394 2172564
2172803 2172909
2173243 2173268
2173519 2173537
2173945 2174123
2174521 2174835
2174898 2175136
2175277 2175505
2175777 2176007
2176462 2176621
2176998 2177312
2177697 2177929
2177970 2178115
2178151 2178324
2178368 2178371
2178664 2178923
2179074 2179260
2179296 2179367
2179709 2179747
2180208 2180392
2180457 2180644
2180774 2180791
2180952 2181073
2181564 2181667
2181970 2182181
2182385 2182540
2183009 2183238
2183466 2183662
2183740 2183964
2183992 2184290
2184442 2184726
2185089 2185476
2185625 2185797
2186082 2186405
2186449 2186499
2186674 2186960
2187248 2187612
2187645 2187667
2187874 2187878
2188173 2188207
2188226 2188540
2188983 2188994
2189480 2189657
2189753 2190007
2190466 2190823
2190914 2191193
2191395 2191411
2191463 2191863
2192220 2192402
2192486 2192538
2192885 2193168
2193197 2193262
2193554 2193874
2193906 2194224
2194699 2194972
2195050 2195328
2195374 2195767
2195950 2196282
2196438 2196603
2196995 2197352
2197369 2197568
2197775 2197915
2198347 2198482
2198720 2198950
2199422 2199715
2200040 2200166
2200595 2200927
2200956 2201178
2201319 2201425
2201771 2201913
2202305 2202374
2202396 2202639
2203089 2203114
2203398 2203734
2203764 2204139
2204244 2204620
2204936 2205137
2205171 2205501
2205553 2205789
2206206 2206228
2206615 2206645
2206658 2207025
2207488 2207702
2207893 2208276
2208417 2208765
2208797 2209096
2209150 2209233
2209320 2209469
2209715 2209888
2209893 2210161
2210632 2210940
2211384 2211636
2211714 2211819
2212190 2212236
2212608 2212816
2212984 2213025
2213217 2213265
2213662 2213958
2214361 2214716
2214910 2215240
2215417 2215735
2216132 2216505
2216705 2216766
2217230 2217585
2217933 2218190
2218600 2218964
2219411 2219574
2219639 2219894
2220157 2220230
2220341 2220480
2220518 2220802
2221241 2221333
2221580 2221852
2222307 2222387
2222731 2222986
2223028 2223100
2223132 2223325
2223518 2223661
2224084 2224394
2224407 2224794
2224805 2224816
2225217 2225330
2225623 2225989
2226204 2226515
2226936 2227334
2227518 2227778
2227851 2228153
2228529 2228807
2229005 2229393
2229801 2230135
2230472 2230638
2231136 2231355
2231713 2231867
2231947 2232219
2232585 2232914
2233280 2233518
2233604 2233905
2234237 2234369
2234422 2234638
2234864 2235085
2235289 2235566
2235974 2236028
2236456 2236661
2237059 2237178
2237353 2237624
2237778 2237964
2238058 2238064
2238492 2238665
2239141 2239247
2239690 2240045
2240279 2240502
2240982 2241224
2241294 2241521
2241772 2241889
2241997 2242276
2242474 2242644
2243009 2243032
2243462 2243530
2243908 2244268
2244334 2244668
2244857 2245087
2245207 2245540
2245988 2246132
2246618 2246675
2247077 2247323
2247371 2247412
2247685 2247776
2248076 2248127
2248216 2248454
2248704 2248988
