439 544
981 1087
1351 1439
1731 1872
1950 2094
2241 2336
2360 2477
2597 2698
2948 3051
3104 3217
3697 3806
4220 4302
4750 4836
4995 5058
5448 5556
5861 5979
6238 6352
6376 6486
6859 6989
7123 7205
7230 7301
7402 7497
7679 7761
8235 8382
8866 8949
9116 9218
9573 9643
9991 10055
10096 10209
10708 10808
11149 11257
11419 11520
11783 11883
12369 12474
12729 12813
12828 12915
13359 13449
13684 13784
14182 14256
14729 14804
15182 15298
15442 15520
15693 15763
15851 15933
16384 16469
16579 16647
17074 17171
17300 17363
17600 17702
18190 18293
18371 18467
18676 18780
19119 19221
19306 19409
19715 19833
20252 20327
20377 20473
20814 20905
21389 21474
21836 21930
22312 22407
22701 22820
23298 23366
23765 23863
24149 24261
24467 24572
25024 25144
25373 25464
25578 25685
25891 25964
26436 26546
26815 26938
27252 27339
27380 27486
27806 27952
28317 28391
28680 28784
29007 29105
29501 29591
29747 29847
30080 30171
30295 30432
30522 30612
30834 30903
30950 31059
31411 31532
31796 31900
32271 32361
32711 32837
33156 33247
33354 33453
33821 33913
34276 34370
34850 34931
35060 35133
35352 35471
35500 35618
35997 36077
36476 36578
36827 36907
37361 37476
37654 37749
38229 38345
38791 38923
39362 39471
39840 39936
39967 40047
40115 40182
40341 40391
40636 40708
40855 40929
41192 41341
41540 41648
42137 42237
42458 42522
42735 42826
42940 43050
43156 43261
43404 43503
43923 44020
44040 44164
44284 44387
44573 44673
44879 44992
45241 45353
45778 45831
46082 46172
46562 46680
47002 47124
47238 47359
47361 47466
47890 48011
48232 48314
48478 48557
48590 48670
49142 49255
49412 49521
49582 49704
50163 50279
50648 50765
50788 50886
51326 51405
51679 51778
52242 52354
52726 52861
53325 53419
53444 53533
53678 53751
54075 54192
54519 54598
55074 55182
55391 55482
55931 56049
56348 56459
56803 56902
57184 57257
57420 57507
57573 57626
57727 57842
58319 58427
58847 58945
59087 59172
59514 59611
59907 60007
60026 60146
60368 60496
60713 60805
60907 60995
61336 61439
61730 61835
61892 61965
62434 62570
62695 62805
63020 63119
63341 63456
63581 63688
63860 63907
64404 64503
64969 65052
65501 65621
65809 65906
65946 66029
66258 66363
66830 66928
67320 67459
67895 67971
68390 68494
68870 68936
69038 69151
69334 69421
69438 69573
69657 69793
69873 69947
70223 70318
70770 70847
71071 71186
71213 71310
71663 71743
72061 72160
72613 72685
72696 72756
73066 73152
73616 73694
73807 73915
74208 74299
74699 74792
75104 75193
75220 75312
75411 75496
75704 75797
76262 76341
76371 76499
76843 76942
76962 77046
77390 77477
77727 77849
78187 78290
78315 78437
78503 78599
78923 78983
79449 79540
79821 79916
80141 80238
80288 80401
80799 80917
81411 81536
81876 81985
82357 82443
82627 82753
82948 83036
83049 83170
83320 83384
83728 83831
84183 84289
84519 84599
84645 84757
85048 85160
85459 85565
85722 85845
85847 85956
86266 86370
86601 86712
87130 87252
87411 87512
87631 87725
87846 87927
88402 88528
88707 88829
89304 89389
89617 89744
89809 89907
90398 90517
90876 90978
91458 91563
91910 92026
92159 92247
92438 92507
92659 92716
92749 92868
93096 93248
93537 93634
93680 93819
93913 94037
94085 94171
94649 94790
95014 95164
95303 95409
95584 95694
95833 95944
95967 96070
96237 96321
96358 96455
96715 96832
97069 97176
97571 97679
97764 97886
98240 98354
98597 98705
99125 99234
99383 99503
99584 99685
100069 100167
100445 100568
100574 100689
100958 101081
101385 101501
101792 101884
102253 102344
102547 102650
103084 103192
103211 103317
103520 103592
103681 103792
103939 103996
104008 104112
104410 104491
104887 104996
105378 105491
105868 105939
106354 106421
106481 106530
106936 107034
107091 107217
107232 107346
107492 107574
108042 108149
108156 108206
108349 108389
108577 108647
108692 108803
109181 109250
109567 109705
109935 110043
110305 110386
110443 110588
110961 111049
111381 111453
111626 111727
111959 112070
112392 112533
112923 113033
113126 113223
113668 113767
113997 114092
114492 114588
114825 114903
115370 115477
115976 116088
116347 116440
116513 116569
116924 117023
117067 117168
117666 117786
117827 117884
118286 118390
118831 118926
119198 119297
119616 119740
119852 119949
120355 120461
120732 120820
121232 121311
121674 121768
121833 121935
122039 122111
122202 122303
122414 122501
122894 122984
123373 123486
123518 123651
123953 124038
124062 124117
124606 124684
124913 125018
125241 125356
125440 125546
125729 125848
125907 126011
126377 126459
126825 126898
126918 126991
127183 127294
127335 127455
127680 127753
128204 128317
128690 128798
128890 129002
129204 129280
129355 129443
129515 129643
129764 129898
130114 130224
130643 130751
130987 131087
131534 131605
131902 132042
132321 132413
132833 132938
133217 133320
133817 133922
134400 134472
134820 134908
135248 135343
135606 135677
135802 135911
136119 136240
136705 136785
137067 137162
137425 137527
137543 137629
138013 138078
138571 138685
139182 139272
139437 139535
139596 139703
140179 140230
140487 140608
140867 140956
141184 141335
141820 141910
142016 142106
142410 142509
142742 142864
143081 143197
143621 143672
143986 144105
144176 144263
144461 144571
144784 144842
145136 145226
145505 145629
145895 145973
146412 146527
146768 146849
147196 147282
147644 147743
147801 147898
148195 148322
148487 148625
149058 149179
149481 149570
149746 149858
150178 150232
150494 150607
150963 151052
151193 151303
151456 151545
151823 151889
152231 152314
152676 152806
152899 152983
153448 153536
153657 153751
154081 154185
154668 154775
154925 155048
155478 155596
156011 156106
156491 156627
156889 156975
157253 157389
157535 157662
157938 158011
158076 158216
158591 158712
158803 158864
158926 159024
159278 159365
159453 159554
159935 160023
160395 160454
160507 160608
160971 161065
161430 161522
161788 161911
161919 162024
162131 162214
162585 162659
163008 163133
163458 163530
163533 163637
163808 163908
163918 164018
164461 164547
164746 164854
165158 165247
165593 165751
165791 165896
166328 166441
166875 166979
167299 167402
167779 167861
167888 167978
168277 168383
168698 168779
168843 168940
169157 169269
169589 169722
170200 170308
170611 170745
170912 171032
171285 171406
171887 171974
172454 172559
172740 172844
173157 173241
173371 173486
173858 173964
174359 174447
174768 174872
175118 175220
175548 175605
176102 176181
176190 176252
176276 176377
176633 176756
177094 177197
177480 177578
177589 177687
178123 178232
178541 178666
178770 178872
179151 179262
179318 179401
179884 179971
180275 180385
180713 180809
181198 181280
181432 181562
182059 182124
182452 182536
182965 183047
183207 183272
183676 183799
183820 183905
184112 184207
184539 184614
184657 184750
184978 185080
185564 185631
185986 186035
186349 186447
186839 186925
186952 187058
187174 187266
187657 187735
187812 187906
188331 188450
188601 188700
188849 188967
189237 189339
189834 189926
190296 190420
190595 190706
190978 191063
191409 191482
191524 191617
191760 191878
192349 192430
192471 192553
193025 193093
193226 193345
193750 193896
193923 194035
194351 194466
194580 194691
195143 195222
195338 195420
195479 195586
196069 196192
196228 196364
196394 196481
196633 196710
197034 197150
197189 197312
197739 197839
198102 198206
198329 198424
198513 198596
198801 198908
199398 199512
199549 199629
199821 199904
200345 200463
200609 200728
201214 201350
201772 201925
202145 202244
202407 202514
202737 202860
203237 203346
203641 203738
203823 203901
204204 204330
204637 204748
205061 205124
205439 205566
206060 206124
206446 206562
206931 207008
207306 207421
207732 207825
207928 208062
208132 208177
208182 208259
208446 208579
208886 208958
209113 209216
209534 209622
209761 209889
210106 210211
210234 210294
210518 210628
210630 210725
210967 211074
211251 211324
211563 211661
211700 211784
212276 212374
212712 212814
213011 213142
213183 213249
213500 213607
213691 213788
214013 214128
214509 214601
214968 215063
215148 215226
215712 215826
216003 216095
216204 216288
216317 216418
216452 216533
216873 216981
217478 217560
217717 217816
218084 218179
218279 218354
218689 218813
219020 219165
219176 219285
219753 219846
220117 220186
220444 220564
220590 220693
221112 221222
221278 221370
221623 221705
222073 222175
222506 222610
222847 222949
223175 223256
223414 223547
223646 223764
224050 224145
224208 224321
224659 224798
225221 225326
225346 225440
225594 225684
226055 226160
226163 226236
226509 226629
226988 227114
227575 227659
228042 228150
228530 228632
228792 228862
228894 228984
229378 229454
229636 229743
230013 230047
230145 230258
230294 230394
230829 230888
231152 231270
231426 231513
231927 232024
232349 232458
232523 232641
232877 232998
233399 233507
233883 233984
234126 234231
234599 234715
235159 235282
235389 235499
235521 235622
235902 236006
236145 236246
236393 236477
236734 236815
236963 237039
237386 237445
237471 237558
237565 237670
237728 237844
237867 237976
238208 238293
238707 238814
239043 239151
239290 239337
239338 239437
239914 239992
240420 240494
240675 240798
240950 241067
241127 241256
241645 241749
241758 241822
241902 241988
242010 242115
242404 242506
242614 242715
243174 243281
243582 243671
243729 243809
244161 244279
244751 244838
245291 245398
245729 245792
246196 246299
246719 246824
246954 247071
247074 247183
247298 247404
247593 247679
247915 248010
248310 248404
248845 248940
249163 249242
249628 249713
249717 249830
250045 250132
250410 250501
250548 250623
250858 250954
251048 251142
251365 251421
251912 252064
252320 252432
252552 252637
252767 252854
252873 252990
253407 253493
253500 253629
253897 254000
254285 254366
254774 254867
255350 255450
255908 256017
256260 256351
256601 256705
256986 257126
257350 257424
257557 257636
257735 257835
258260 258388
258831 258925
259195 259299
259369 259433
259524 259645
260065 260146
260348 260414
260420 260511
260757 260852
261010 261087
261386 261486
261616 261712
262064 262160
262474 262568
262865 262949
263211 263316
263344 263467
263690 263795
264256 264373
264385 264479
264617 264737
264984 265072
265433 265514
265867 265951
266204 266285
266740 266844
267243 267311
267599 267667
267903 267975
268200 268306
268692 268765
269062 269182
269520 269620
269790 269888
269943 270068
270344 270416
270912 271016
271456 271550
271600 271711
271905 271996
272125 272196
272433 272539
272645 272756
273236 273299
273533 273631
273759 273864
273908 274009
274403 274489
274812 274944
275259 275363
275585 275689
276134 276231
276509 276597
276610 276714
276941 277048
277505 277589
277798 277901
278167 278256
278411 278549
278998 279072
279324 279436
279739 279860
280229 280363
280422 280502
280972 281061
281548 281614
281882 281975
282047 282158
282181 282302
282401 282498
282706 282793
282841 282930
283368 283451
283534 283607
283665 283761
284176 284254
284267 284360
284426 284480
284910 284993
285143 285227
285452 285555
285610 285711
285889 286022
286329 286458
286684 286816
287185 287280
287334 287433
287614 287701
287707 287808
287877 288003
288380 288465
288667 288787
288796 288882
288892 288975
289035 289119
289592 289710
289726 289839
290036 290137
290323 290406
290463 290584
290844 290932
291367 291476
291508 291641
292092 292181
292463 292549
292659 292789
293206 293305
293555 293664
293795 293887
293941 294083
294514 294611
295100 295214
295290 295375
295425 295520
295615 295698
296016 296133
296173 296289
296382 296459
296504 296608
296937 297035
297095 297187
297482 297597
297884 298008
298357 298499
298780 298884
299319 299400
299709 299821
300296 300409
300609 300743
300962 301077
301253 301364
301405 301485
301822 301901
301990 302061
302106 302195
302328 302440
302758 302866
303129 303184
303210 303276
303537 303689
303749 303871
304224 304329
304422 304490
304572 304670
304859 304932
305162 305261
305265 305344
305571 305658
306002 306096
306466 306556
306704 306815
307071 307159
307236 307292
307364 307442
307482 307576
307732 307844
308165 308255
308560 308661
309016 309134
309560 309674
310116 310201
310502 310625
310893 310985
311425 311508
311970 312091
312414 312499
312523 312651
312718 312780
312786 312888
313104 313187
313316 313407
313839 313941
314219 314297
314354 314447
314522 314584
314661 314762
315203 315292
315599 315700
316136 316254
316590 316673
316959 317046
317141 317215
317626 317709
318146 318233
318643 318721
319111 319196
319495 319595
320081 320180
320301 320408
320763 320806
321264 321381
321417 321497
321927 322018
322208 322329
322522 322626
323123 323224
323472 323569
323701 323799
324271 324355
324837 324933
325194 325308
325379 325478
325614 325789
326023 326147
326572 326658
326851 326942
326983 327092
327108 327209
327486 327609
327934 328067
328152 328273
328457 328555
328691 328810
329198 329232
329654 329762
329960 330092
330554 330644
331013 331100
331343 331415
331460 331536
331603 331693
332158 332228
332258 332350
332434 332546
332922 333001
333297 333400
333500 333597
333798 333889
334046 334160
334420 334517
334646 334760
335117 335220
335504 335589
335624 335748
335936 335996
336446 336546
336963 337078
337471 337558
338004 338073
338211 338304
338527 338627
338640 338717
338795 338870
338964 339043
339305 339405
339470 339556
339797 339916
340147 340278
340711 340795
341179 341294
341588 341703
342043 342147
342472 342545
342792 342926
343390 343486
343513 343645
343676 343780
344236 344335
344447 344554
344905 345025
345438 345533
345795 345864
346264 346361
346749 346870
347037 347140
347532 347647
347867 348019
348317 348411
348709 348835
349248 349356
349771 349890
350185 350291
350562 350633
350805 350897
350999 351089
351418 351501
351998 352077
352481 352591
352657 352755
353024 353115
353423 353535
353855 353985
354046 354122
354442 354565
355020 355095
355139 355245
355668 355749
356039 356106
356215 356300
356744 356800
357084 357186
357386 357496
357926 358017
358073 358196
358211 358330
358452 358599
358850 358909
359005 359080
359174 359255
359642 359736
359835 359980
360273 360345
360797 360883
361005 361103
361479 361573
361850 361948
361968 362083
362137 362249
362540 362620
363015 363094
363452 363547
363602 363724
364132 364225
364368 364470
364934 365035
365308 365458
365623 365736
365828 365929
366008 366123
366499 366634
366706 366813
366892 367005
367287 367383
367814 367939
368068 368142
368641 368735
368753 368864
369292 369403
369708 369825
369893 370014
370236 370320
370479 370538
370627 370707
370740 370830
370960 371052
371248 371342
371596 371726
372153 372252
372272 372382
372787 372885
373205 373279
373521 373635
374019 374159
374398 374483
374868 374965
374999 375105
375590 375670
375992 376074
376570 376662
376865 376945
377307 377391
377615 377751
377862 377983
378283 378386
378648 378775
379153 379243
379324 379418
379596 379715
379873 379950
380274 380396
380510 380568
380685 380806
381147 381276
381716 381816
382240 382331
382773 382866
382937 383061
383119 383206
383322 383428
383444 383549
383761 383857
383863 384004
384066 384150
384632 384743
384980 385068
385092 385186
385196 385295
385477 385561
385980 386082
386468 386585
386789 386907
387226 387325
387680 387763
388194 388254
388350 388483
388748 388837
389191 389305
389772 389875
390181 390292
390690 390785
391167 391279
391503 391624
391650 391768
392133 392234
392675 392766
393012 393134
393475 393572
393935 394073
394408 394480
394487 394597
394831 394933
395228 395332
395448 395545
395703 395811
396205 396295
396461 396571
396748 396839
397242 397325
397449 397581
397942 398013
398117 398199
398621 398723
399192 399300
399599 399700
399954 400034
400280 400366
400762 400826
401144 401228
401470 401574
401763 401864
402034 402166
402258 402343
402620 402727
402980 403078
403235 403325
403746 403853
404213 404339
404380 404491
404938 405048
405454 405536
405864 405950
406206 406301
406536 406618
406864 406959
407132 407215
407549 407630
407816 407888
408231 408333
408617 408742
408891 408993
409337 409434
409554 409657
409964 410094
410121 410226
410588 410673
410750 410843
411016 411092
411486 411581
411625 411718
412139 412229
412436 412579
412967 413036
413323 413405
413797 413886
414065 414171
414305 414389
414805 414908
414915 414992
415380 415487
415736 415840
416032 416123
416481 416586
416847 416992
417111 417196
417214 417309
417732 417828
418284 418383
418484 418597
419026 419165
419418 419528
419905 420015
420247 420338
420787 420892
421208 421306
421313 421438
421494 421603
421939 422040
422058 422164
422497 422608
422910 423009
423367 423457
423732 423807
424060 424177
424276 424385
424414 424539
425009 425113
425366 425479
425688 425794
425974 426090
426348 426428
426586 426706
427133 427233
427540 427628
428102 428188
428237 428331
428794 428881
429241 429351
429779 429869
429960 430030
430213 430302
430618 430708
431057 431161
431271 431381
431414 431504
431990 432109
432231 432356
432485 432616
432840 432932
433306 433440
433892 433985
433995 434117
434427 434534
434549 434633
434647 434761
434967 435070
435373 435495
435592 435652
435888 435993
436371 436482
436539 436614
436904 436985
437133 437206
437500 437604
437916 438008
438276 438379
438701 438809
439222 439343
439715 439786
439819 439919
439980 440085
440107 440200
440234 440328
440659 440748
440762 440860
441034 441137
441275 441408
441509 441592
442023 442128
442185 442269
442354 442469
442935 443080
443458 443556
443692 443823
444212 444324
444636 444703
444877 445006
445382 445479
445876 445977
445987 446093
446517 446616
446892 447001
447372 447473
447921 448035
448380 448501
448834 448927
449164 449260
449523 449642
449652 449766
450152 450267
450517 450590
450745 450846
451207 451315
451748 451827
452215 452298
452457 452576
452711 452767
453185 453284
453486 453573
453879 453949
454048 454116
454137 454234
454404 454475
454842 454917
454960 455092
455358 455434
455784 455886
456175 456283
456364 456455
456913 457041
457354 457434
457592 457721
458209 458350
458838 458898
459039 459111
459128 459241
459288 459400
459561 459652
459804 459906
460154 460265
460327 460451
460571 460692
460702 460813
461310 461438
461518 461620
461821 461887
461965 462082
462176 462296
462768 462882
463288 463372
463628 463727
463735 463829
464000 464118
464134 464215
464584 464681
465145 465236
465335 465444
465457 465537
465553 465641
465953 466053
466185 466287
466517 466599
467005 467101
467529 467606
467761 467859
467973 468056
468342 468427
468575 468697
469011 469116
469160 469272
469362 469452
469523 469590
470070 470139
470517 470631
471089 471191
471577 471667
471847 471962
472171 472291
472344 472452
472548 472669
472970 473074
473483 473610
473746 473860
474182 474259
474572 474677
474797 474920
474950 475030
475049 475147
475510 475570
476019 476123
476253 476345
476760 476891
477085 477164
477412 477513
477712 477796
478075 478164
478463 478601
479007 479096
479342 479426
479621 479745
480019 480126
480340 480437
480842 480942
480992 481090
481227 481337
481782 481867
482025 482125
482378 482459
482871 482968
483040 483186
483248 483381
483770 483897
484001 484125
484614 484731
484859 484954
485440 485542
485662 485711
486147 486257
486665 486734
487216 487347
487426 487548
487732 487830
488179 488286
488649 488744
489115 489202
489270 489347
489805 489916
490139 490257
490586 490659
490829 490929
491009 491136
491392 491519
491727 491824
491844 491926
492278 492378
492460 492543
492921 492965
493143 493263
493351 493460
493878 494011
494119 494219
494651 494766
494877 495005
495429 495546
495594 495682
495755 495851
496140 496230
496474 496585
496795 496936
496992 497087
497261 497376
497471 497545
497844 497934
498252 498353
498499 498607
499054 499171
499319 499418
499895 499984
500103 500223
500465 500567
500594 500690
501013 501114
501473 501599
502054 502172
502481 502575
502847 502990
503280 503379
503571 503638
503656 503791
504082 504197
504213 504296
504311 504406
504632 504731
505169 505258
505664 505761
506043 506125
506325 506425
506585 506661
506961 507041
507054 507159
507633 507724
507932 508009
508355 508447
508675 508774
508795 508923
509290 509414
509731 509834
509932 510009
510067 510161
510328 510412
510551 510656
510822 510908
511004 511088
511286 511409
511707 511809
511929 512031
512125 512238
512381 512464
512949 513057
513123 513239
513345 513440
513819 513937
513938 514012
514237 514347
514439 514524
514863 514936
515303 515433
515631 515715
516022 516117
516211 516301
516759 516853
516963 517096
517390 517484
517674 517772
518144 518219
518663 518752
519006 519122
519426 519548
520002 520106
520414 520498
520680 520784
521097 521210
521561 521655
521827 521948
521952 522057
522142 522262
522706 522793
523188 523285
523408 523505
523532 523615
523926 523999
524277 524380
524669 524771
525175 525272
525609 525700
526152 526246
526384 526499
526574 526672
526673 526787
526843 526945
527133 527236
527311 527425
527736 527830
528329 528474
528803 528864
528904 529005
529053 529161
529264 529369
529596 529712
530005 530113
530327 530434
530647 530726
531036 531148
531231 531347
531803 531871
531950 532053
532155 532267
532273 532378
532820 532947
533373 533477
533685 533809
534252 534352
534677 534784
534989 535079
535127 535263
535393 535495
535688 535795
536039 536146
536447 536565
536816 536898
537053 537142
537267 537359
537465 537535
537706 537793
538228 538279
538740 538863
539169 539289
539684 539783
540119 540200
540394 540504
540863 540972
541086 541178
541361 541463
541486 541582
541717 541815
542178 542275
542629 542754
542844 542959
543078 543211
543702 543804
544022 544128
544536 544625
544904 545004
545044 545134
545504 545604
545932 546022
546066 546200
546429 546538
546907 547028
547511 547606
547938 548034
548368 548466
548720 548793
548938 549057
549094 549170
549289 549389
549722 549829
549990 550076
550466 550584
550920 551003
551119 551219
551630 551712
551892 551998
552416 552532
552866 552981
553087 553195
553494 553590
553864 553964
553975 554077
554198 554289
554694 554775
555096 555189
555493 555563
555761 555909
556401 556503
556664 556794
556994 557103
557418 557558
557850 557964
558298 558383
558519 558635
558916 559011
559462 559545
559838 559919
560266 560393
560436 560551
561007 561131
561510 561607
562019 562115
562465 562590
563038 563133
563168 563298
563443 563540
563690 563776
563887 564011
564148 564274
564446 564541
564736 564841
565298 565400
565745 565814
565863 565940
566195 566306
566751 566876
567324 567431
567674 567767
568051 568131
568499 568605
568822 568911
569184 569317
569524 569621
570050 570164
570505 570600
570772 570893
571263 571352
571559 571653
571659 571788
572122 572236
572281 572374
572446 572550
573020 573125
573435 573518
573725 573813
574200 574289
574731 574825
575317 575444
575716 575816
576196 576304
576782 576892
576916 576982
577432 577590
577861 577960
578255 578381
578519 578596
579075 579194
579401 579497
579987 580052
580315 580447
580686 580775
581141 581211
581240 581373
581755 581864
582106 582219
582262 582354
582730 582818
583055 583154
583598 583668
583918 584041
584287 584410
584668 584766
585143 585258
585737 585838
586039 586153
586483 586596
586636 586733
587070 587186
587438 587562
588015 588132
588410 588541
588793 588910
588978 589062
589520 589674
590064 590173
590587 590683
590734 590864
591255 591326
591775 591877
592161 592292
592445 592558
592741 592851
592926 593050
593447 593579
593930 594051
594280 594366
594558 594683
594751 594855
595083 595216
595542 595674
596077 596192
596513 596599
596659 596763
596888 596993
597238 597330
597733 597855
598160 598243
598599 598695
598808 598921
599182 599277
599372 599471
599907 600018
600304 600406
600618 600698
600764 600826
601130 601245
601314 601374
601584 601674
602028 602149
602240 602327
602798 602927
603271 603352
603717 603817
604200 604281
604433 604530
605019 605126
605413 605492
605638 605751
605984 606090
606512 606647
607143 607238
607474 607586
607636 607723
608116 608191
608442 608519
609012 609112
609481 609579
609660 609748
610151 610231
610280 610407
610709 610811
610985 611075
611317 611393
611778 611878
612107 612197
612388 612467
612884 612988
613445 613527
613715 613817
613901 613997
614004 614108
614490 614605
614904 614995
615126 615224
615283 615363
615720 615826
616157 616245
616319 616438
616593 616680
616978 617060
617095 617191
617276 617410
617743 617865
617875 617954
618452 618557
618724 618815
618952 619053
619459 619601
620098 620200
620619 620717
620738 620854
621349 621442
621921 621985
622014 622122
622378 622500
622764 622840
623154 623256
623403 623494
623915 624011
624028 624124
624412 624504
624721 624827
624951 625094
625193 625269
625715 625802
626059 626173
626381 626468
626788 626871
626948 627005
627420 627524
627741 627850
628082 628156
628556 628649
628717 628836
629059 629180
629267 629365
629490 629602
630023 630147
630500 630607
630894 631005
631164 631273
631661 631753
631883 631984
632408 632505
632661 632771
632975 633030
633102 633192
633626 633751
634098 634190
634520 634624
634893 634968
635327 635433
635517 635643
635852 635941
635949 636044
636502 636608
637098 637216
637670 637799
638072 638180
638348 638424
638453 638562
638620 638728
639094 639137
639467 639569
639775 639865
640329 640452
640910 640982
641029 641122
641422 641523
642013 642129
642253 642411
642610 642717
643180 643285
643624 643734
644210 644322
644584 644718
644892 644963
645276 645363
645627 645717
645848 645954
646326 646405
646468 646564
646803 646940
647234 647344
647701 647779
648066 648195
648408 648532
649028 649115
649228 649314
649627 649751
650114 650190
650238 650369
650448 650573
651055 651145
651461 651519
651630 651772
652119 652231
652599 652676
653040 653142
653356 653486
653626 653774
654231 654326
654701 654786
655035 655158
655363 655458
655493 655580
655883 655981
656286 656403
656485 656556
656942 657019
657518 657618
658013 658127
658570 658669
659068 659180
659342 659419
659439 659543
659846 659932
660223 660322
660462 660540
660927 661021
661079 661139
661221 661324
661725 661804
662194 662310
662491 662616
662678 662769
662925 662988
663270 663371
663559 663660
663761 663862
664220 664330
664463 664593
664714 664802
665205 665274
665497 665580
665656 665709
665727 665872
666182 666283
666347 666444
666676 666789
666834 666955
667076 667165
667398 667514
667985 668057
668175 668305
668380 668466
668758 668854
668980 669093
669466 669550
669607 669718
669806 669886
670211 670295
670542 670677
671072 671160
671279 671398
671824 671902
672380 672472
672553 672617
673067 673175
673238 673292
673637 673759
674144 674243
674663 674785
674991 675111
675545 675674
675804 675897
676315 676433
676825 676900
677361 677443
677662 677780
678090 678203
678382 678463
678614 678755
679198 679302
679741 679831
679884 679955
680308 680413
680736 680852
680858 680959
680984 681112
681595 681670
681813 681916
682398 682478
682910 683007
683042 683160
683572 683647
683998 684084
684170 684254
684410 684509
684997 685096
685194 685312
685673 685742
685829 685943
686169 686250
686660 686752
686870 686961
687458 687563
687818 687968
688134 688205
688527 688603
688903 688984
689017 689116
689389 689512
689774 689882
690381 690453
690599 690676
690976 691072
691196 691285
691767 691882
691955 692060
692526 692615
692775 692863
693246 693363
693689 693790
694210 694307
694732 694869
695072 695176
695625 695740
695991 696081
696372 696430
696500 696595
697089 697175
697233 697346
697637 697740
698063 698155
698202 698306
698515 698632
698948 699040
699332 699425
699717 699806
700138 700223
700686 700789
700905 700999
701159 701264
701322 701434
701779 701891
701999 702084
702375 702460
702745 702865
703005 703095
703472 703571
703740 703865
704073 704176
704290 704399
704762 704864
705312 705411
705480 705543
705634 705745
706171 706268
706646 706747
707029 707129
707475 707564
707927 707998
708493 708593
708693 708768
708829 708932
709361 709453
709587 709671
710111 710212
710648 710734
710852 710955
710990 711076
711253 711337
711691 711743
712179 712277
712675 712790
712918 713014
713050 713122
713400 713470
713819 713922
714135 714264
714577 714646
714739 714819
714864 714979
715107 715190
715609 715693
716057 716172
716438 716529
716846 716938
717208 717291
717464 717591
717679 717773
718183 718269
718706 718788
718922 719030
719247 719356
719447 719573
720004 720152
720324 720374
720647 720747
720906 720988
721158 721246
721729 721837
721842 721943
722014 722107
722451 722566
722573 722707
722946 723026
723196 723278
723340 723455
723713 723811
723898 724001
724250 724327
724766 724813
725063 725171
725621 725737
725935 726054
726354 726454
726504 726596
726770 726852
727099 727225
727416 727508
727582 727724
728146 728243
728490 728598
728984 729101
729447 729529
729601 729720
729770 729887
730248 730348
730412 730530
730617 730736
730849 730947
731356 731420
731472 731596
731870 732002
732221 732322
732627 732720
733137 733239
733671 733766
734145 734243
734365 734452
734586 734702
735132 735269
735662 735770
736093 736201
736611 736692
737058 737169
737575 737700
738144 738260
738716 738850
739061 739150
739375 739492
739672 739770
740039 740148
740528 740606
740786 740871
741006 741114
741387 741465
741873 741964
742359 742474
742506 742586
742929 743033
743407 743488
743729 743851
744315 744434
744729 744863
744980 745046
745133 745243
745365 745448
745614 745745
746094 746213
746262 746374
746856 746971
747051 747148
747442 747542
747589 747706
747993 748070
748143 748222
748363 748483
748641 748733
748892 748960
749026 749104
749453 749566
749708 749797
749955 750032
750427 750544
750550 750663
750666 750778
751117 751205
751421 751535
751600 751753
751901 752035
752113 752218
752638 752696
753040 753124
753344 753464
753500 753626
753877 753962
754405 754497
754852 754929
755174 755296
755371 755511
755627 755702
755730 755832
756255 756380
756426 756572
756831 756941
757428 757536
757780 757882
757898 757996
758422 758520
758932 759030
759473 759531
759610 759708
759852 759922
760144 760276
760657 760786
760957 761063
761209 761328
761481 761555
761657 761780
761794 761894
762345 762472
762888 762998
763262 763368
763676 763805
763833 763948
764017 764105
764465 764561
764674 764785
764881 764963
765341 765459
765606 765689
766005 766089
766579 766721
767030 767130
767378 767467
767900 768027
768303 768425
768481 768575
768818 768903
769047 769105
769337 769419
769480 769575
770044 770169
770230 770344
770413 770468
770558 770677
770763 770895
771322 771432
771785 771886
771888 771996
772160 772279
772520 772633
772834 772948
773178 773298
773527 773604
773918 774031
774160 774238
774501 774592
774901 775001
775189 775269
775694 775769
776168 776258
776507 776586
776696 776774
777129 777208
777659 777741
777944 778063
778543 778645
778888 778999
779363 779458
779646 779709
779929 779987
780087 780208
780537 780657
780875 780951
781352 781463
781498 781602
781996 782091
782228 782324
782417 782525
782859 782937
783433 783544
783983 784076
784198 784282
784591 784690
784997 785096
785575 785676
786067 786143
786553 786657
787119 787231
787482 787575
787999 788116
788395 788549
788677 788750
788792 788893
789134 789266
789691 789806
790139 790268
790365 790470
790831 790935
791193 791302
791602 791670
791704 791812
791847 791949
792032 792121
792449 792536
792580 792685
792720 792814
793249 793356
793851 793964
794128 794229
794554 794648
795035 795110
795270 795413
795695 795796
796007 796097
796247 796345
796725 796782
796877 796978
797432 797549
797555 797634
798088 798142
798241 798344
798416 798527
798612 798724
799017 799094
799227 799338
799693 799788
799915 800049
800294 800418
800475 800573
800905 801005
801144 801266
801375 801460
801778 801879
802287 802406
802833 802918
803131 803263
803762 803873
804200 804304
804747 804850
805019 805132
805425 805524
805984 806091
806435 806515
806749 806872
807155 807238
807590 807682
807802 807957
808261 808344
808484 808574
809050 809122
809302 809420
809469 809558
809832 809940
810039 810124
810248 810340
810417 810516
810753 810867
811168 811259
811294 811375
811570 811656
811913 812032
812117 812238
812689 812798
812861 812926
812947 813032
813089 813177
813179 813300
813631 813749
813844 813948
814277 814392
814882 814963
815399 815490
815521 815629
815638 815749
815918 815984
816358 816474
816806 816919
817384 817516
817746 817850
818194 818296
818532 818626
818783 818866
818980 819111
819196 819308
819739 819825
819874 819983
820309 820436
820855 820944
821372 821459
821628 821715
821826 821923
822137 822242
822551 822642
822736 822842
823267 823354
823523 823563
823659 823752
824055 824170
824359 824497
824783 824863
824925 825013
825462 825578
825819 825900
826090 826183
826252 826355
826807 826905
827361 827422
827822 827926
828010 828130
828495 828579
828994 829071
829186 829308
829570 829648
829733 829848
830048 830114
830494 830590
830879 830972
830992 831085
831350 831448
831878 831989
832312 832429
832749 832841
833308 833424
833558 833677
833784 833862
834292 834404
834864 834972
835003 835046
835241 835339
835534 835637
835748 835872
835887 835996
836176 836270
836751 836871
837307 837375
837686 837786
838050 838135
838253 838352
838770 838850
839184 839290
839351 839475
839867 839979
839996 840105
840362 840459
840679 840779
840935 841028
841067 841151
841602 841683
842114 842218
842339 842445
842784 842894
842997 843060
843322 843405
843482 843600
843832 843938
844024 844157
844514 844623
844727 844842
845104 845219
845380 845469
845734 845845
845855 845958
846115 846231
846424 846545
846908 846974
847037 847148
847594 847730
848166 848278
848600 848719
848870 848971
849102 849204
849669 849782
850201 850259
850531 850616
850984 851095
851563 851692
852059 852190
852322 852430
852705 852809
853003 853125
853602 853681
854000 854092
854365 854445
854792 854884
855267 855388
855793 855885
856025 856131
856248 856347
856464 856547
856729 856821
857238 857332
857660 857788
858282 858353
858701 858800
859163 859252
859706 859798
860215 860298
860648 860720
861010 861071
861117 861191
861664 861736
861975 862053
862360 862490
862865 862976
863178 863272
863339 863434
863491 863573
863589 863687
864030 864139
864208 864311
864435 864571
864778 864882
864914 864984
865482 865612
865977 866069
866264 866369
866459 866606
867099 867171
867435 867546
868034 868154
868344 868426
868658 868753
868766 868871
869331 869427
869834 869918
870179 870237
870451 870572
870603 870690
870933 871022
871235 871374
871753 871865
872133 872274
872730 872908
873343 873419
873700 873806
874029 874089
874558 874648
875045 875130
875194 875274
875322 875445
875889 875988
876324 876411
876567 876669
877098 877233
877272 877371
877392 877494
877872 877969
878239 878331
878514 878609
878782 878846
878914 879018
879230 879329
879407 879516
879794 879907
880070 880202
880301 880388
880554 880655
880793 880876
881072 881175
881617 881772
881970 882075
882359 882435
882717 882817
883070 883161
883544 883647
883975 884083
884563 884642
884648 884755
885167 885308
885571 885654
885961 886071
886276 886347
886564 886668
886855 886953
887287 887403
887685 887758
887979 888102
888399 888497
888936 889046
889219 889322
889432 889519
889992 890101
890251 890367
890526 890575
890928 891034
891424 891534
891900 892001
892092 892198
892647 892760
893080 893189
893462 893588
893847 893985
894079 894154
894267 894384
894729 894792
894995 895066
895258 895370
895621 895709
895877 896010
896251 896372
896561 896651
896874 896967
897024 897142
897586 897669
898047 898097
898380 898491
898506 898617
898886 898975
899461 899547
899969 900073
900409 900493
900824 900909
901042 901159
901227 901346
901736 901868
902221 902331
902374 902506
902807 902897
903148 903248
903300 903373
903381 903475
903842 903925
904041 904091
904441 904522
904644 904769
905035 905155
905425 905545
905989 906115
906482 906595
906627 906714
906931 907054
907067 907148
907480 907593
908041 908140
908313 908352
908721 908833
909148 909256
909451 909559
909894 909989
910351 910450
910947 911019
911333 911444
911507 911619
912014 912126
912364 912480
912683 912793
913074 913184
913255 913377
913554 913661
913672 913785
914218 914329
914499 914603
915023 915124
915412 915519
915988 916100
916488 916557
916925 917025
917282 917410
917610 917693
917704 917796
917869 917955
918365 918452
918926 918984
919075 919132
919604 919688
920059 920143
920519 920654
920786 920874
920895 921014
921504 921592
921904 922020
922277 922362
922435 922561
922972 923047
923524 923648
923821 923933
923942 924034
924066 924145
924542 924598
924624 924702
924810 924925
925067 925170
925649 925724
926062 926117
926426 926523
926983 927050
927130 927245
927603 927686
927700 927839
928274 928364
928446 928536
928939 929022
929111 929260
929286 929354
929582 929692
930071 930146
930490 930598
930752 930875
931173 931259
931615 931748
932001 932114
932511 932621
933100 933207
933355 933448
933700 933806
933828 933952
934440 934557
934867 934978
934996 935097
935211 935291
935457 935581
935740 935876
935916 935994
936428 936539
936994 937109
937142 937266
937486 937569
937975 938077
938187 938293
938631 938721
938766 938848
939069 939200
939695 939806
939920 940007
940061 940174
940452 940534
940678 940789
941248 941346
941399 941499
941823 941933
942003 942130
942160 942245
942400 942512
942631 942731
942742 942855
943044 943151
943638 943731
944118 944215
944530 944631
945108 945211
945575 945691
945907 945996
946163 946232
946628 946708
946819 946899
947105 947178
947463 947564
947797 947892
947903 947974
948271 948341
948546 948668
948873 948984
949019 949116
949447 949519
949612 949719
950179 950287
950733 950841
951082 951163
951342 951427
951704 951838
952323 952444
952579 952699
952809 952927
953065 953167
953296 953397
953480 953590
953925 953986
954447 954549
954793 954870
955080 955188
955576 955677
955807 955877
956289 956391
956669 956786
957114 957221
957412 957519
957554 957644
958055 958201
958662 958774
958862 959003
959465 959541
959624 959703
959950 960031
960446 960533
961005 961103
961166 961302
961509 961620
962054 962135
962457 962571
962790 962888
963164 963229
963392 963496
963582 963684
963778 963875
963992 964090
964517 964620
964878 964982
965420 965512
965693 965788
966242 966333
966802 966883
967150 967275
967673 967750
967922 968030
968317 968432
968815 968921
969091 969192
969447 969548
970037 970159
970300 970415
970623 970716
970774 970864
971172 971275
971407 971505
971842 971956
972256 972376
972528 972635
972798 972923
973042 973130
973394 973449
973545 973588
973879 973982
974470 974554
974924 975048
975134 975232
975547 975634
976049 976165
976242 976347
976721 976815
976863 976962
977195 977298
977746 977864
977931 978012
978175 978274
978507 978601
978934 979044
979373 979491
979658 979754
979953 980078
980404 980495
980864 980976
981200 981285
981725 981824
982158 982254
982434 982527
982906 982994
983206 983314
983760 983875
984246 984351
984818 984882
985184 985259
985442 985501
985505 985634
985803 985910
986191 986266
986365 986486
986838 986923
987344 987452
987842 987944
988274 988364
988431 988499
988885 988975
989004 989082
989229 989365
989484 989581
989736 989825
990283 990358
990705 990806
990895 991004
991097 991213
991607 991703
991996 992097
992389 992484
992814 992918
993110 993182
993358 993448
993868 993970
994368 994446
994879 994985
995283 995401
995885 996000
996448 996575
996869 996965
997405 997500
997513 997598
997958 998081
998238 998339
998534 998646
998789 998886
999104 999197
999389 999463
999944 1000032
1000075 1000170
1000554 1000648
1001061 1001126
1001526 1001624
1001884 1001985
1002299 1002441
1002545 1002671
1003045 1003142
1003422 1003522
1003625 1003688
1003937 1004051
1004483 1004580
1005055 1005104
1005466 1005554
1005851 1005967
1006285 1006422
1006642 1006764
1007173 1007281
1007424 1007517
1007807 1007932
1008403 1008494
1008813 1008911
1009256 1009342
1009663 1009782
1009989 1010057
1010398 1010509
1010934 1011026
1011347 1011483
1011762 1011863
1011965 1012101
1012500 1012596
1012880 1013019
1013318 1013411
1013729 1013848
1014001 1014087
1014287 1014380
1014480 1014580
1014766 1014878
1015131 1015255
1015605 1015707
1015950 1016021
1016143 1016226
1016252 1016344
1016468 1016570
1016654 1016762
1017218 1017321
1017748 1017815
1018114 1018202
1018524 1018654
1019029 1019138
1019218 1019327
1019397 1019485
1019536 1019655
1019957 1020069
1020320 1020431
1020480 1020584
1020730 1020813
1021290 1021382
1021844 1021907
1022215 1022321
1022646 1022754
1023036 1023146
1023340 1023428
1023688 1023760
1024113 1024237
1024550 1024651
1024729 1024850
1025088 1025165
1025394 1025463
1025957 1026041
1026505 1026597
1027018 1027116
1027403 1027513
1027597 1027704
1028191 1028262
1028280 1028386
1028491 1028578
1028968 1029017
1029323 1029430
1029926 1030023
1030274 1030365
1030417 1030538
1030668 1030766
1030811 1030897
1030923 1031001
1031244 1031331
1031667 1031770
1031976 1032082
1032507 1032641
1032649 1032783
1033251 1033363
1033790 1033877
1034295 1034359
1034602 1034668
1035004 1035093
1035340 1035428
1035736 1035865
1036075 1036190
1036658 1036804
1037211 1037313
1037768 1037881
1038212 1038339
1038648 1038735
1039139 1039235
1039278 1039371
1039523 1039581
1039814 1039915
1040240 1040360
1040421 1040503
1040640 1040794
1040852 1040939
1041090 1041205
1041347 1041486
1041499 1041620
1042093 1042193
1042483 1042608
1042977 1043062
1043560 1043630
1043644 1043746
1043750 1043899
1044318 1044385
1044484 1044590
1045026 1045146
1045397 1045487
1045507 1045622
1045722 1045831
1046130 1046238
1046579 1046685
1047032 1047143
1047565 1047640
1047693 1047781
1048259 1048367
1048710 1048848
1049250 1049367
1049651 1049761
1050049 1050158
1050607 1050687
1051137 1051264
1051289 1051378
1051489 1051590
1051766 1051835
1051872 1051926
1052232 1052347
1052631 1052724
1053086 1053189
1053218 1053294
1053589 1053696
1054047 1054135
1054455 1054572
1054818 1054926
1055423 1055531
1055718 1055827
1055923 1056067
1056326 1056424
1056547 1056659
1057037 1057170
1057354 1057422
1057512 1057582
1057879 1058008
1058023 1058141
1058429 1058511
1058993 1059118
1059120 1059223
1059274 1059421
1059802 1059892
1060330 1060444
1060811 1060876
1060976 1061106
1061597 1061682
1061884 1061974
1062050 1062159
1062505 1062630
1062724 1062815
1063226 1063327
1063717 1063841
1063963 1064053
1064477 1064572
1064690 1064767
1065022 1065116
1065287 1065402
1065732 1065801
1065899 1065985
1066028 1066106
1066340 1066459
1066522 1066596
1066699 1066768
1066867 1066959
1067218 1067338
1067517 1067603
1067838 1067913
1068128 1068202
1068324 1068438
1068710 1068802
1069125 1069225
1069371 1069490
1069948 1070059
1070457 1070575
1070796 1070902
1071030 1071085
1071137 1071223
1071291 1071385
1071846 1071958
1072266 1072387
1072724 1072830
1072900 1073015
1073156 1073273
1073325 1073434
1073682 1073757
1073937 1074055
1074331 1074444
1074678 1074758
1075079 1075166
1075433 1075527
1075534 1075649
1076059 1076139
1076513 1076606
1076741 1076825
1077144 1077265
1077746 1077853
1077893 1078006
1078505 1078617
1078815 1078915
1079047 1079120
1079426 1079533
1079964 1080072
1080558 1080653
1081121 1081221
1081256 1081323
1081643 1081742
1082001 1082131
1082534 1082649
1082871 1082975
1083300 1083393
1083823 1083926
1083946 1084045
1084395 1084443
1084488 1084584
1084820 1084952
1085274 1085364
1085445 1085587
1086007 1086108
1086484 1086566
1086729 1086815
1087153 1087276
1087712 1087808
1088241 1088313
1088709 1088800
1088857 1088959
1089109 1089217
1089419 1089515
1089879 1089991
1090489 1090592
1091029 1091117
1091495 1091620
1091757 1091849
1092134 1092214
1092266 1092392
1092729 1092850
1092872 1092956
1093350 1093514
1093900 1093980
1094117 1094226
1094599 1094711
1095024 1095116
1095560 1095635
1095824 1095937
1096418 1096541
1096563 1096686
1096928 1097049
1097059 1097194
1097505 1097607
1097786 1097889
1098028 1098136
1098357 1098503
1098617 1098674
1099065 1099135
1099303 1099414
1099818 1099935
1100358 1100472
1100764 1100873
1100884 1100964
1101081 1101176
1101583 1101704
1101932 1102018
1102246 1102364
1102407 1102484
1102754 1102837
1103076 1103189
1103526 1103591
1103754 1103812
1104274 1104342
1104725 1104848
1104967 1105076
1105242 1105350
1105786 1105886
1106155 1106277
1106471 1106563
1106869 1106941
1107148 1107230
1107300 1107374
1107437 1107564
1107776 1107872
1107952 1108086
1108387 1108468
1108844 1108970
1109428 1109565
1109850 1109925
1110294 1110417
1110573 1110681
1110782 1110890
1110966 1111073
1111384 1111502
1111990 1112077
1112372 1112462
1112783 1112884
1113214 1113305
1113607 1113729
1113746 1113853
1113992 1114106
1114319 1114420
1114778 1114862
1114873 1114966
1115090 1115177
1115331 1115419
1115763 1115840
1116233 1116317
1116387 1116452
1116663 1116757
1116759 1116843
1117185 1117290
1117450 1117534
1117679 1117746
1118231 1118325
1118366 1118474
1118724 1118783
1119070 1119147
1119617 1119760
1119937 1120017
1120406 1120506
1120817 1120896
1120944 1121060
1121466 1121536
1121560 1121644
1121934 1122021
1122082 1122188
1122271 1122344
1122640 1122761
1123169 1123265
1123731 1123836
1124242 1124344
1124772 1124839
1125260 1125368
1125631 1125750
1126113 1126215
1126384 1126500
1126984 1127077
1127171 1127241
1127604 1127684
1127801 1127917
1128226 1128315
1128543 1128655
1128687 1128775
1128901 1129013
1129490 1129596
1130086 1130202
1130544 1130637
1130965 1131086
1131534 1131617
1131900 1131986
1132291 1132395
1132768 1132859
1133039 1133141
1133258 1133338
1133389 1133489
1133516 1133624
1133634 1133725
1134213 1134320
1134376 1134489
1134728 1134824
1134863 1134981
1135282 1135413
1135418 1135518
1135798 1135923
1136176 1136291
1136526 1136671
1136716 1136798
1136817 1136919
1137393 1137475
1137699 1137781
1137856 1137914
1138375 1138457
1138807 1138874
1139003 1139121
1139254 1139355
1139745 1139860
1140011 1140092
1140255 1140360
1140623 1140709
1140791 1140892
1141248 1141374
1141533 1141637
1142088 1142216
1142584 1142684
1143120 1143230
1143425 1143512
1143679 1143749
1144184 1144277
1144420 1144483
1144855 1144961
1145166 1145247
1145470 1145515
1145663 1145780
1145928 1146028
1146326 1146456
1146896 1147022
1147377 1147465
1147745 1147829
1147970 1148048
1148116 1148200
1148470 1148587
1148970 1149102
1149387 1149467
1149472 1149550
1149931 1150029
1150152 1150267
1150329 1150402
1150596 1150667
1150683 1150824
1150878 1150984
1151318 1151402
1151729 1151831
1152192 1152298
1152732 1152807
1152843 1152917
1152958 1153049
1153228 1153321
1153377 1153492
1153730 1153810
1154173 1154287
1154302 1154404
1154468 1154581
1154923 1155022
1155421 1155541
1155726 1155864
1156357 1156447
1156502 1156596
1156611 1156680
1156915 1157006
1157203 1157288
1157340 1157420
1157626 1157743
1158025 1158130
1158499 1158575
1158822 1158922
1159266 1159363
1159717 1159853
1160052 1160166
1160471 1160578
1160712 1160798
1161196 1161290
1161640 1161705
1162110 1162221
1162324 1162421
1162521 1162601
1162677 1162776
1162794 1162925
1163235 1163326
1163795 1163889
1163916 1164009
1164091 1164186
1164316 1164418
1164833 1164899
1165002 1165101
1165397 1165501
1165558 1165638
1165707 1165789
1165861 1165965
1166002 1166094
1166432 1166538
1166915 1167041
1167367 1167452
1167921 1168022
1168472 1168573
1168905 1169008
1169049 1169153
1169483 1169557
1169656 1169727
1169752 1169867
1170186 1170304
1170462 1170561
1170609 1170706
1170831 1170930
1170992 1171080
1171331 1171427
1171609 1171738
1172147 1172260
1172353 1172460
1172537 1172649
1172798 1172901
1173030 1173098
1173544 1173624
1173633 1173738
1174119 1174210
1174526 1174648
1174913 1174995
1175054 1175163
1175601 1175701
1175801 1175900
1176256 1176373
1176564 1176708
1176727 1176791
1176818 1176887
1177106 1177187
1177226 1177332
1177577 1177647
1177872 1177944
1178044 1178139
1178451 1178593
1179026 1179133
1179555 1179639
1179684 1179743
1179836 1179935
1179951 1180033
1180451 1180600
1180990 1181089
1181485 1181584
1181977 1182067
1182380 1182479
1182759 1182845
1183085 1183185
1183483 1183593
1183677 1183763
1184111 1184232
1184683 1184803
1185025 1185122
1185138 1185233
1185672 1185761
1186062 1186160
1186416 1186542
1186793 1186887
1187325 1187417
1187669 1187792
1188275 1188359
1188529 1188630
1188765 1188885
1189370 1189448
1189921 1190048
1190137 1190253
1190638 1190736
1190851 1190938
1191437 1191518
1191578 1191659
1191849 1191950
1192004 1192075
1192296 1192412
1192538 1192653
1192888 1192983
1193222 1193334
1193832 1193945
1194341 1194449
1194493 1194600
1194608 1194751
1194804 1194921
1195247 1195408
1195765 1195896
1196256 1196349
1196834 1196961
1197130 1197247
1197274 1197365
1197672 1197769
1198200 1198317
1198503 1198596
1198772 1198861
1199038 1199143
1199236 1199287
1199620 1199675
1200096 1200187
1200451 1200574
1200928 1200994
1201017 1201099
1201133 1201226
1201365 1201431
1201478 1201563
1201793 1201901
1202045 1202166
1202277 1202364
1202858 1202950
1203207 1203337
1203395 1203501
1203871 1203978
1204144 1204220
1204703 1204791
1204938 1205059
1205537 1205647
1206101 1206195
1206217 1206343
1206495 1206587
1206995 1207114
1207507 1207593
1207694 1207780
1207930 1208047
1208282 1208382
1208689 1208757
1209009 1209116
1209379 1209481
1209662 1209771
1209784 1209881
1210278 1210384
1210685 1210792
1211174 1211274
1211370 1211463
1211554 1211599
1211677 1211767
1212026 1212131
1212584 1212667
1212832 1212941
1212945 1213072
1213410 1213534
1213762 1213873
1214312 1214425
1214601 1214708
1214823 1214939
1215350 1215475
1215759 1215859
1216024 1216125
1216479 1216615
1217113 1217197
1217630 1217735
1218198 1218358
1218632 1218692
1218910 1219044
1219153 1219227
1219348 1219484
1219636 1219740
1220184 1220273
1220453 1220536
1220569 1220673
1221031 1221129
1221418 1221518
1221714 1221805
1222223 1222344
1222670 1222756
1223010 1223114
1223342 1223444
1223877 1223989
1224195 1224278
1224369 1224493
1224704 1224800
1224937 1225025
1225033 1225118
1225564 1225686
1225890 1226020
1226368 1226451
1226569 1226663
1226695 1226741
1227180 1227284
1227607 1227686
1228008 1228121
1228406 1228529
1228998 1229066
1229400 1229522
1229741 1229828
1230049 1230154
1230619 1230720
1230855 1230946
1231074 1231195
1231261 1231341
1231834 1231946
1232166 1232266
1232614 1232718
1233053 1233154
1233313 1233424
1233648 1233734
1233997 1234091
1234186 1234292
1234337 1234446
1234618 1234712
1235065 1235154
1235457 1235544
1235641 1235737
1236207 1236301
1236745 1236816
1237079 1237167
1237237 1237341
1237372 1237471
1237926 1238044
1238399 1238526
1238725 1238868
1239034 1239171
1239411 1239490
1239772 1239842
1240304 1240393
1240489 1240592
1240672 1240776
1240781 1240856
1240891 1240963
1241031 1241162
1241288 1241372
1241705 1241772
1242190 1242282
1242430 1242525
1243008 1243100
1243227 1243326
1243398 1243526
1243732 1243851
1244199 1244323
1244413 1244491
1244754 1244838
1245136 1245270
1245599 1245677
1245831 1245924
1246016 1246084
1246288 1246413
1246831 1246943
1247146 1247229
1247721 1247790
1248172 1248263
1248476 1248581
1248842 1248944
1249351 1249436
1249527 1249608
1250083 1250188
1250664 1250741
1250962 1251054
1251178 1251263
1251760 1251855
1252097 1252177
1252461 1252565
1252649 1252778
1253104 1253188
1253617 1253718
1254035 1254133
1254288 1254350
1254512 1254570
1254952 1255036
1255180 1255292
1255430 1255546
1255902 1256003
1256120 1256213
1256620 1256715
1257168 1257282
1257396 1257510
1257706 1257794
1257798 1257925
1258143 1258264
1258338 1258448
1258489 1258600
1259094 1259167
1259401 1259493
1259854 1259966
1260448 1260548
1260811 1260882
1261174 1261240
1261621 1261744
1262006 1262104
1262303 1262395
1262677 1262780
1263050 1263121
1263315 1263423
1263523 1263636
1263895 1263962
1264132 1264210
1264636 1264724
1264793 1264954
1265010 1265084
1265501 1265576
1265817 1265949
1266278 1266395
1266580 1266657
1266870 1266966
1267197 1267294
1267439 1267525
1267834 1267948
1268127 1268256
1268395 1268537
1268675 1268767
1268915 1269017
1269263 1269403
1269823 1269925
1269966 1270042
1270499 1270602
1271041 1271118
1271333 1271435
1271523 1271627
1271923 1272037
1272508 1272582
1272795 1272886
1273116 1273242
1273638 1273753
1273765 1273856
1273989 1274104
1274114 1274207
1274518 1274630
1275039 1275117
1275513 1275632
1275638 1275752
1276211 1276324
1276567 1276689
1276985 1277069
1277561 1277666
1278084 1278175
1278500 1278619
1278930 1279053
1279277 1279400
1279745 1279822
1280146 1280267
1280348 1280434
1280547 1280684
1280969 1281057
1281236 1281332
1281417 1281494
1281509 1281615
1282051 1282198
1282621 1282735
1282843 1282940
1283199 1283287
1283533 1283612
1284107 1284246
1284271 1284342
1284792 1284871
1285079 1285153
1285167 1285306
1285406 1285504
1285625 1285718
1285719 1285784
1285854 1285987
1286225 1286319
1286559 1286649
1286688 1286803
1286963 1287055
1287465 1287546
1287934 1287986
1288436 1288548
1289014 1289132
1289224 1289291
1289405 1289502
1289523 1289638
1289672 1289782
1290011 1290114
1290440 1290552
1290892 1290997
1291387 1291498
1291711 1291827
1292201 1292274
1292613 1292697
1293165 1293259
1293303 1293439
1293903 1293966
1294354 1294441
1294633 1294754
1295030 1295129
1295483 1295552
1295814 1295928
1296324 1296450
1296773 1296881
1297269 1297347
1297518 1297644
1297751 1297879
1298039 1298132
1298178 1298324
1298511 1298605
1298695 1298765
1298856 1298995
1299412 1299564
1299667 1299752
1300249 1300347
1300609 1300719
1300827 1300948
1301297 1301375
1301404 1301499
1301849 1301942
1302287 1302348
1302599 1302697
1302966 1303084
1303510 1303595
1304087 1304156
1304405 1304489
1304648 1304761
1304879 1305003
1305489 1305611
1306012 1306096
1306237 1306315
1306792 1306899
1307174 1307256
1307265 1307354
1307767 1307870
1308061 1308165
1308276 1308394
1308717 1308831
1309152 1309253
1309518 1309615
1309950 1310012
1310406 1310511
1310916 1310976
1311218 1311324
1311590 1311692
1312101 1312208
1312614 1312734
1312830 1312926
1313282 1313379
1313657 1313754
1313873 1313950
1313972 1314060
1314210 1314334
1314538 1314644
1314744 1314840
1315251 1315379
1315661 1315749
1315891 1315997
1316187 1316288
1316447 1316548
1316742 1316818
1317260 1317360
1317571 1317660
1318115 1318198
1318572 1318700
1318724 1318848
1319338 1319434
1319708 1319800
1320202 1320306
1320348 1320439
1320899 1320983
1321349 1321446
1321652 1321733
1322177 1322256
1322456 1322588
1322978 1323067
1323361 1323421
1323731 1323820
1324317 1324417
1324737 1324843
1325094 1325176
1325521 1325638
1325864 1325964
1326335 1326432
1326730 1326829
1326868 1326995
1327319 1327424
1327529 1327637
1327825 1327967
1328189 1328305
1328337 1328463
1328741 1328834
1329049 1329138
1329265 1329371
1329817 1329961
1330459 1330550
1330614 1330713
1331208 1331301
1331755 1331868
1332348 1332401
1332804 1332902
1333284 1333374
1333629 1333742
1334083 1334180
1334281 1334381
1334544 1334660
1334856 1334968
1335287 1335373
1335843 1335930
1336151 1336252
1336591 1336719
1336821 1336936
1337166 1337281
1337506 1337611
1337718 1337807
1337970 1338067
1338214 1338353
1338749 1338828
1339175 1339263
1339631 1339750
1339818 1339892
1339981 1340064
1340395 1340515
1340567 1340660
1340744 1340854
1341335 1341439
1341548 1341634
1341969 1342049
1342534 1342676
1342749 1342835
1342952 1343050
1343303 1343410
1343545 1343665
1344018 1344101
1344433 1344503
1344738 1344821
1345249 1345363
1345831 1345922
1345983 1346090
1346377 1346471
1346788 1346878
1347131 1347256
1347472 1347627
1347691 1347763
1347784 1347916
1347963 1348037
1348457 1348534
1348559 1348637
1348912 1349024
1349343 1349452
1349821 1349956
1350257 1350346
1350493 1350594
1350629 1350701
1350914 1351029
1351109 1351200
1351358 1351443
1351744 1351815
1351954 1352029
1352396 1352506
1352752 1352876
1353233 1353342
1353405 1353508
1353757 1353832
1354162 1354264
1354630 1354729
1354936 1355039
1355123 1355211
1355656 1355752
1356018 1356094
1356269 1356360
1356524 1356634
1356993 1357075
1357527 1357618
1357705 1357796
1358156 1358265
1358490 1358615
1359073 1359188
1359446 1359510
1359592 1359689
1360061 1360155
1360260 1360342
1360354 1360443
1360928 1361028
1361418 1361526
1361636 1361684
1361759 1361828
1361985 1362081
1362177 1362271
1362707 1362796
1362854 1362940
1363135 1363223
1363309 1363425
1363821 1363904
1364286 1364392
1364765 1364880
1365357 1365491
1365503 1365602
1366052 1366127
1366404 1366495
1366704 1366780
1367228 1367311
1367765 1367895
1367973 1368082
1368092 1368208
1368303 1368406
1368669 1368770
1369051 1369168
1369491 1369569
1369762 1369865
1369893 1369987
1370387 1370467
1370767 1370844
1371340 1371447
1371532 1371625
1371763 1371879
1372182 1372288
1372432 1372524
1372888 1372979
1373352 1373440
1373716 1373819
1374098 1374247
1374289 1374368
1374471 1374593
1374791 1374880
1375175 1375283
1375679 1375801
1376042 1376157
1376563 1376694
1376762 1376881
1377208 1377286
1377320 1377409
1377770 1377857
1377895 1378007
1378358 1378430
1378505 1378616
1378986 1379102
1379441 1379541
1379809 1379927
1379967 1380073
1380362 1380452
1380843 1380908
1381088 1381198
1381260 1381365
1381518 1381616
1382072 1382185
1382452 1382575
1382819 1382911
1383329 1383448
1383757 1383878
1384286 1384361
1384396 1384501
1384994 1385107
1385517 1385615
1385924 1386007
1386419 1386537
1386796 1386903
1387085 1387202
1387206 1387296
1387325 1387435
1387576 1387703
1388028 1388126
1388248 1388335
1388509 1388590
1388757 1388852
1389125 1389221
1389384 1389526
1389580 1389706
1389945 1390069
1390479 1390565
1391015 1391136
1391381 1391487
1391616 1391697
1392098 1392181
1392433 1392541
1392578 1392657
1392738 1392819
1393146 1393208
1393357 1393445
1393722 1393823
1393917 1394008
1394466 1394572
1394778 1394879
1395204 1395309
1395598 1395705
1396093 1396199
1396698 1396828
1397307 1397430
1397541 1397660
1397834 1397895
1398039 1398146
1398449 1398560
1399044 1399152
1399591 1399709
1399957 1400061
1400101 1400198
1400251 1400341
1400560 1400665
1400697 1400787
1400978 1401085
1401499 1401589
1401628 1401724
1401879 1401968
1402132 1402221
1402460 1402575
1402824 1402911
1402959 1403037
1403341 1403462
1403467 1403572
1403689 1403773
1404239 1404304
1404391 1404465
1404591 1404733
1405073 1405205
1405571 1405673
1406155 1406258
1406266 1406377
1406585 1406656
1406930 1407017
1407294 1407420
1407570 1407687
1407788 1407900
1408291 1408423
1408657 1408762
1409149 1409231
1409440 1409534
1409813 1409920
1410273 1410420
1410884 1410955
1411446 1411541
1411975 1412088
1412267 1412385
1412829 1412934
1413382 1413493
1413619 1413719
1413723 1413854
1414149 1414244
1414568 1414697
1415045 1415142
1415304 1415391
1415793 1415898
1416341 1416446
1416528 1416659
1417013 1417121
1417257 1417379
1417877 1417995
1418066 1418160
1418367 1418434
1418665 1418768
1418964 1419049
1419428 1419548
1419844 1419930
1420061 1420189
1420654 1420762
1420824 1420950
1420978 1421084
1421482 1421572
1422027 1422117
1422250 1422335
1422709 1422828
1423117 1423196
1423560 1423651
1423830 1423932
1424424 1424532
1424708 1424832
1425000 1425115
1425348 1425424
1425917 1426016
1426343 1426444
1426710 1426828
1427313 1427371
1427841 1427957
1428054 1428168
1428488 1428597
1429024 1429118
1429159 1429245
1429408 1429527
1429581 1429684
1430059 1430166
1430569 1430688
1431063 1431153
1431637 1431741
1431966 1432064
1432137 1432250
1432514 1432620
1432900 1433023
1433372 1433481
1433550 1433617
1433984 1434099
1434517 1434640
1434988 1435061
1435513 1435596
1435949 1436060
1436389 1436495
1436776 1436899
1437076 1437180
1437327 1437447
1437939 1438053
1438391 1438501
1438572 1438700
1438873 1438975
1439282 1439364
1439451 1439568
1439949 1440056
1440303 1440425
1440915 1441005
1441154 1441238
1441615 1441713
1442187 1442259
1442457 1442568
1442591 1442655
1442776 1442863
1442901 1442981
1443004 1443114
1443589 1443675
1443986 1444100
1444403 1444483
1444980 1445066
1445530 1445630
1445640 1445749
1446193 1446335
1446452 1446566
1446694 1446795
1447024 1447100
1447169 1447291
1447735 1447823
1448178 1448278
1448388 1448491
1448617 1448719
1448751 1448874
1449179 1449295
1449739 1449845
1449850 1449952
1450074 1450156
1450281 1450349
1450433 1450534
1450851 1450996
1451086 1451206
1451480 1451584
1452009 1452129
1452139 1452241
1452385 1452488
1452760 1452882
1452912 1453023
1453371 1453455
1453649 1453731
1454152 1454252
1454526 1454614
1455066 1455145
1455637 1455745
1455987 1456114
1456575 1456681
1456879 1456941
1457334 1457366
1457469 1457575
1458067 1458163
1458640 1458724
1459058 1459159
1459222 1459320
1459659 1459749
1459989 1460111
1460390 1460496
1460924 1461033
1461374 1461465
1461806 1461910
1462103 1462200
1462552 1462672
1462819 1462888
1463337 1463439
1463488 1463601
1464030 1464125
1464521 1464601
1464876 1464960
1465407 1465511
1465866 1465937
1466408 1466514
1466837 1466956
1467028 1467113
1467563 1467693
1468029 1468112
1468606 1468719
1468865 1468941
1469388 1469490
1469685 1469810
1469972 1470065
1470239 1470329
1470640 1470752
1471208 1471298
1471660 1471753
1472124 1472211
1472675 1472764
1472908 1473012
1473130 1473239
1473280 1473378
1473727 1473840
1474325 1474452
1474559 1474675
1474750 1474834
1475028 1475106
1475467 1475545
1475798 1475883
1476354 1476437
1476601 1476660
1477063 1477154
1477239 1477342
1477515 1477631
1477796 1477906
1478406 1478503
1478638 1478775
1478920 1479015
1479323 1479398
1479573 1479683
1479778 1479831
1480279 1480394
1480731 1480823
1481190 1481284
1481698 1481789
1482225 1482316
1482331 1482422
1482787 1482885
1483205 1483308
1483461 1483536
1483778 1483861
1484238 1484331
1484704 1484771
1485115 1485248
1485451 1485537
1485708 1485841
1486274 1486360
1486740 1486827
1486946 1487033
1487063 1487153
1487553 1487678
1487861 1487949
1487972 1488071
1488266 1488336
1488808 1488920
1489035 1489130
1489307 1489403
1489582 1489651
1489725 1489832
1489953 1490065
1490323 1490425
1490538 1490609
1490760 1490854
1491255 1491370
1491684 1491809
1491866 1491959
1491999 1492100
1492382 1492456
1492713 1492815
1492938 1493060
1493077 1493157
1493187 1493269
1493692 1493810
1493965 1494051
1494114 1494224
1494349 1494460
1494797 1494886
1495368 1495476
1495514 1495626
1496030 1496102
1496576 1496671
1496727 1496828
1496991 1497115
1497353 1497449
1497528 1497619
1497661 1497781
1498130 1498254
1498615 1498714
1499173 1499253
1499683 1499818
1500030 1500123
1500381 1500505
1500795 1500926
1501288 1501362
1501735 1501848
1502159 1502257
1502681 1502746
1502865 1502956
1503277 1503375
1503473 1503590
1503926 1504037
1504447 1504525
1504657 1504768
1505074 1505167
1505557 1505641
1505822 1505912
1506009 1506077
1506119 1506238
1506466 1506551
1507008 1507086
1507120 1507234
1507720 1507815
1507926 1508018
1508300 1508420
1508487 1508597
1509027 1509123
1509265 1509381
1509549 1509634
1510014 1510098
1510287 1510373
1510737 1510844
1510948 1511025
1511112 1511236
1511670 1511770
1512166 1512282
1512552 1512629
1513044 1513155
1513433 1513558
1513699 1513827
1513850 1513967
1514395 1514508
1514763 1514840
1515157 1515262
1515532 1515641
1515790 1515935
1515997 1516059
1516422 1516486
1516661 1516740
1516890 1516963
1517072 1517164
1517566 1517664
1518041 1518139
1518181 1518301
1518794 1518853
1519260 1519359
1519633 1519718
1519986 1520067
1520202 1520288
1520517 1520617
1521032 1521142
1521454 1521540
1521651 1521729
1522216 1522299
1522301 1522375
1522838 1522926
1523083 1523229
1523508 1523591
1523617 1523713
1524201 1524364
1524844 1524937
1525286 1525369
1525486 1525555
1525603 1525706
1525791 1525849
1526281 1526375
1526572 1526690
1526821 1526924
1527140 1527206
1527670 1527780
1528125 1528236
1528659 1528776
1528864 1528934
1529375 1529468
1529829 1529931
1530051 1530142
1530449 1530578
1530785 1530852
1531323 1531389
1531872 1531958
1532198 1532285
1532720 1532810
1533302 1533401
1533463 1533565
1533682 1533781
1533851 1533954
1533959 1534052
1534454 1534552
1534629 1534741
1534808 1534899
1535214 1535337
1535498 1535561
1535597 1535722
1535935 1536042
1536225 1536327
1536378 1536510
1536959 1537053
1537193 1537318
1537792 1537909
1538105 1538209
1538591 1538649
1538919 1539044
1539262 1539377
1539495 1539581
1539925 1540072
1540087 1540231
1540316 1540402
1540751 1540819
1541252 1541345
1541473 1541583
1541958 1542067
1542089 1542193
1542488 1542586
1542945 1543027
1543167 1543284
1543673 1543738
1544120 1544240
1544342 1544445
1544870 1544994
1545042 1545119
1545485 1545591
1545921 1546047
1546499 1546612
1546674 1546774
1547120 1547248
1547687 1547772
1548051 1548160
1548310 1548359
1548630 1548724
1549173 1549295
1549767 1549866
1549921 1550028
1550503 1550616
1550771 1550883
1551002 1551114
1551384 1551486
1551762 1551843
1552132 1552206
1552380 1552502
1552872 1552958
1552991 1553100
1553367 1553462
1553664 1553772
1553925 1554032
1554228 1554303
1554304 1554435
1554673 1554781
1554932 1555012
1555208 1555305
1555400 1555525
1555819 1555922
1556406 1556516
1557011 1557153
1557434 1557535
1557759 1557872
1557991 1558076
1558401 1558506
1558648 1558710
1559052 1559142
1559388 1559504
1559577 1559674
1559815 1559950
1560405 1560526
1560959 1561066
1561556 1561650
1562084 1562176
1562242 1562353
1562792 1562889
1563003 1563121
1563579 1563642
1564014 1564128
1564460 1564566
1564982 1565084
1565382 1565512
1565847 1565999
1566066 1566175
1566177 1566243
1566375 1566466
1566710 1566817
1566974 1567074
1567512 1567614
1567933 1568017
1568170 1568271
1568554 1568697
1568907 1569017
1569304 1569431
1569557 1569693
1569985 1570084
1570454 1570545
1570719 1570780
1571140 1571212
1571602 1571699
1571922 1571996
1572400 1572478
1572811 1572899
1573170 1573262
1573573 1573686
1573749 1573853
1574020 1574103
1574198 1574295
1574547 1574644
1575088 1575192
1575609 1575693
1576106 1576190
1576564 1576676
1576759 1576865
1577276 1577398
1577815 1577877
1578144 1578235
1578426 1578541
1578561 1578655
1579008 1579129
1579370 1579476
1579542 1579630
1579665 1579770
1579894 1579965
1580308 1580445
1580814 1580893
1580945 1581030
1581266 1581340
1581622 1581725
1582080 1582205
1582423 1582523
1582647 1582743
1583031 1583159
1583411 1583509
1583694 1583826
1583868 1583948
1584021 1584147
1584308 1584416
1584696 1584811
1584903 1585049
1585302 1585380
1585697 1585818
1585913 1585994
1586318 1586410
1586798 1586871
1587212 1587290
1587547 1587640
1587919 1587998
1588106 1588208
1588414 1588489
1588765 1588850
1588980 1589085
1589499 1589576
1589712 1589784
1589869 1589960
1590071 1590168
1590481 1590574
1590984 1591091
1591218 1591300
1591628 1591721
1592155 1592266
1592563 1592691
1592945 1593047
1593376 1593503
1593840 1593937
1594381 1594459
1594658 1594721
1594962 1595060
1595430 1595497
1595970 1596061
1596223 1596301
1596789 1596889
1597044 1597134
1597598 1597684
1598016 1598111
1598205 1598320
1598484 1598604
1598884 1598974
1599286 1599411
1599841 1599925
1600401 1600489
1600720 1600837
1601207 1601290
1601755 1601831
1601893 1601993
1602417 1602525
1602980 1603053
1603094 1603200
1603503 1603595
1603923 1604020
1604306 1604404
1604539 1604636
1604961 1605024
1605458 1605543
1605646 1605746
1606032 1606137
1606190 1606295
1606417 1606514
1606532 1606637
1606950 1607072
1607394 1607508
1607705 1607783
1608281 1608377
1608595 1608700
1609057 1609179
1609274 1609356
1609522 1609605
1609788 1609896
1609930 1610023
1610365 1610448
1610546 1610667
1610957 1611051
1611379 1611443
1611491 1611608
1611983 1612093
1612285 1612365
1612734 1612850
1613215 1613341
1613371 1613473
1613590 1613691
1614052 1614150
1614312 1614413
1614617 1614748
1615047 1615126
1615498 1615612
1615914 1616013
1616030 1616129
1616464 1616545
1616821 1616923
1617405 1617503
1617998 1618095
1618323 1618411
1618664 1618758
1619009 1619086
1619177 1619273
1619531 1619597
1619985 1620071
1620088 1620182
1620238 1620323
1620340 1620454
1620727 1620832
1621039 1621146
1621232 1621342
1621807 1621943
1622066 1622166
1622516 1622645
1622883 1622958
1623405 1623499
1623763 1623854
1624135 1624236
1624362 1624469
1624772 1624861
1625121 1625217
1625467 1625564
1625995 1626102
1626332 1626420
1626579 1626689
1627145 1627286
1627687 1627779
1628134 1628211
1628215 1628331
1628664 1628789
1628996 1629079
1629362 1629440
1629551 1629668
1629823 1629925
1630319 1630419
1630785 1630877
1631195 1631312
1631502 1631588
1631756 1631834
1632229 1632332
1632638 1632726
1632769 1632911
1633008 1633112
1633404 1633503
1633857 1633995
1634010 1634160
1634545 1634650
1635069 1635159
1635464 1635572
1635769 1635903
1636044 1636141
1636247 1636354
1636405 1636533
1636906 1637000
1637242 1637327
1637653 1637759
1637883 1637994
1638167 1638270
1638663 1638745
1638932 1639074
1639166 1639274
1639729 1639882
1640181 1640290
1640409 1640480
1640684 1640767
1640998 1641112
1641560 1641714
1641761 1641872
1642075 1642172
1642639 1642741
1642995 1643099
1643171 1643299
1643391 1643493
1643724 1643839
1643938 1644036
1644249 1644323
1644467 1644575
1644793 1644924
1645330 1645434
1645814 1645918
1645931 1646054
1646505 1646592
1646831 1646920
1647164 1647270
1647621 1647714
1648120 1648203
1648413 1648492
1648531 1648604
1648715 1648814
1649306 1649403
1649477 1649570
1650048 1650117
1650298 1650393
1650543 1650617
1651010 1651102
1651526 1651626
1651661 1651777
1651953 1652058
1652183 1652284
1652423 1652501
1652512 1652594
1652997 1653054
1653496 1653592
1653786 1653893
1654075 1654178
1654518 1654603
1654904 1655048
1655215 1655309
1655777 1655912
1656277 1656364
1656766 1656859
1657010 1657129
1657403 1657551
1658033 1658139
1658259 1658358
1658382 1658496
1658964 1659032
1659185 1659258
1659291 1659368
1659656 1659758
1659820 1659907
1660311 1660418
1660519 1660630
1660892 1661012
1661036 1661143
1661522 1661612
1662002 1662115
1662267 1662399
1662527 1662630
1663027 1663135
1663256 1663352
1663638 1663733
1664041 1664141
1664308 1664395
1664483 1664593
1664603 1664728
1664961 1665057
1665428 1665534
1665954 1666049
1666501 1666565
1666740 1666858
1667034 1667157
1667469 1667543
1667982 1668098
1668131 1668286
1668552 1668617
1668983 1669080
1669231 1669345
1669445 1669552
1669886 1669973
1670348 1670454
1670892 1671008
1671071 1671205
1671643 1671769
1672022 1672104
1672283 1672393
1672669 1672763
1672988 1673083
1673093 1673168
1673337 1673433
1673905 1673986
1674427 1674533
1674863 1674964
1675113 1675192
1675280 1675396
1675552 1675666
1676133 1676253
1676254 1676365
1676558 1676640
1676713 1676811
1676907 1676993
1677435 1677529
1677652 1677775
1678250 1678362
1678429 1678532
1678543 1678658
1679002 1679076
1679510 1679594
1679658 1679755
1680175 1680273
1680306 1680388
1680869 1680965
1681006 1681102
1681143 1681208
1681342 1681421
1681913 1682038
1682440 1682524
1682614 1682721
1683136 1683229
1683355 1683448
1683533 1683640
1683845 1683952
1684277 1684365
1684834 1684945
1685412 1685539
1685560 1685669
1686117 1686210
1686683 1686760
1686957 1687046
1687236 1687338
1687761 1687836
1687860 1687948
1688207 1688330
1688829 1688956
1689316 1689426
1689560 1689657
1689764 1689865
1690092 1690194
1690669 1690798
1690811 1690904
1690938 1691028
1691210 1691331
1691589 1691666
1691791 1691878
1691898 1691985
1692224 1692328
1692662 1692765
1693016 1693120
1693528 1693643
1694041 1694126
1694189 1694288
1694429 1694519
1694791 1694880
1695335 1695462
1695839 1695954
1696339 1696460
1696501 1696608
1696644 1696738
1696782 1696869
1697162 1697291
1697442 1697546
1697582 1697659
1698001 1698117
1698578 1698683
1698748 1698844
1698974 1699069
1699230 1699287
1699778 1699842
1700145 1700266
1700470 1700551
1701020 1701119
1701347 1701432
1701510 1701606
1701634 1701749
1701901 1702060
1702423 1702549
1702698 1702827
1703112 1703204
1703248 1703338
1703513 1703611
1703899 1704017
1704050 1704164
1704371 1704455
1704750 1704853
1704872 1704983
1705426 1705493
1705979 1706071
1706167 1706272
1706731 1706809
1706900 1707007
1707209 1707293
1707345 1707465
1707822 1707922
1708006 1708106
1708453 1708559
1708588 1708705
1708997 1709118
1709150 1709255
1709730 1709856
1709934 1710057
1710103 1710206
1710389 1710518
1710674 1710774
1711166 1711231
1711248 1711366
1711573 1711668
1712100 1712198
1712436 1712567
1713039 1713138
1713463 1713571
1714000 1714089
1714118 1714219
1714360 1714450
1714796 1714879
1715271 1715354
1715376 1715465
1715915 1716003
1716287 1716395
1716425 1716510
1716615 1716696
1717012 1717103
1717137 1717208
1717260 1717387
1717804 1717876
1718263 1718376
1718389 1718540
1719003 1719114
1719305 1719388
1719529 1719668
1719700 1719802
1719856 1719982
1720069 1720158
1720404 1720495
1720500 1720600
1721071 1721185
1721629 1721715
1721793 1721898
1722269 1722418
1722790 1722907
1723075 1723136
1723328 1723432
1723829 1723915
1724318 1724394
1724588 1724697
1724874 1724978
1725375 1725460
1725660 1725760
1726224 1726291
1726639 1726777
1727187 1727277
1727724 1727826
1727891 1728007
1728270 1728372
1728483 1728580
1728618 1728704
1729143 1729236
1729483 1729610
1730065 1730148
1730492 1730611
1730653 1730754
1730786 1730881
1731074 1731194
1731617 1731695
1731708 1731816
1731827 1731932
1732333 1732424
1732717 1732841
1733056 1733140
1733561 1733653
1733837 1733947
1734020 1734148
1734524 1734610
1734808 1734911
1735319 1735414
1735751 1735844
1736342 1736457
1736815 1736958
1737038 1737138
1737504 1737599
1737965 1738077
1738163 1738267
1738599 1738708
1738761 1738863
1739089 1739189
1739393 1739506
1739914 1739997
1740425 1740514
1740912 1741022
1741197 1741304
1741458 1741578
1741672 1741757
1742185 1742305
1742781 1742885
1743328 1743449
1743683 1743819
1744299 1744411
1744481 1744558
1744809 1744891
1744999 1745099
1745297 1745429
1745794 1745869
1746299 1746407
1746785 1746852
1746918 1747023
1747212 1747291
1747411 1747506
1747954 1748052
1748538 1748622
1749024 1749114
1749162 1749249
1749522 1749644
1749944 1750036
1750125 1750231
1750481 1750559
