439 467
904 963
1227 1258
1550 1587
1665 1684
1831 1909
1933 2014
2134 2164
2414 2442
2495 2560
3040 3158
3572 3606
4054 4058
4217 4225
4615 4629
4934 4938
5197 5259
5283 5286
5659 5662
5796 5831
5856 5956
6057 6069
6251 6276
6750 6869
7353 7374
7541 7558
7913 8005
8353 8355
8396 8401
8900 8919
9260 9444
9606 9622
9885 9931
10417 10427
10682 10691
10706 10735
11179 11191
11426 11482
11880 11884
12357 12380
12758 12838
12982 13004
13177 13262
13350 13374
13825 13831
13941 13944
14371 14495
14624 14666
14903 14942
15430 15460
15538 15548
15757 15829
16168 16185
16270 16273
16579 16668
17087 17118
17168 17210
17551 17561
18045 18168
18530 18537
18919 18962
19256 19356
19834 19887
20286 20378
20664 20810
21016 21130
21582 21601
21830 21858
21972 22045
22251 22256
22728 22834
23103 23106
23420 23434
23475 23509
23829 23999
24364 24387
24676 24681
24904 24904
25300 25313
25469 25476
25709 25840
25964 26040
26130 26181
26403 26477
26524 26630
26982 27140
27404 27416
27787 27982
28332 28339
28658 28658
28765 28786
29154 29271
29634 29691
30171 30183
30312 30323
30542 30564
30593 30665
31044 31095
31494 31506
31755 31774
32228 32271
32449 32468
32948 32951
33397 33441
33880 33892
34261 34283
34314 34342
34410 34422
34581 34616
34861 34933
35080 35132
35395 35401
35600 35635
36124 36157
36378 36500
36713 36738
36852 36895
37001 37013
37156 37168
37588 37695
37715 37792
37912 37924
38110 38126
38332 38439
38688 38689
39114 39146
39397 39480
39870 39886
40208 40237
40351 40406
40408 40409
40833 40876
41097 41140
41304 41331
41364 41392
41864 42075
42232 42237
42298 42325
42784 42799
43168 43175
43198 43267
43707 43711
43985 43991
44455 44479
44851 44910
45374 45460
45485 45494
45639 45698
46022 46052
46379 46461
46937 46961
47170 47220
47669 47745
48044 48211
48555 48555
48837 48866
49029 49304
49370 49458
49559 49579
50056 50191
50611 50615
50757 50807
51149 51237
51533 51593
51612 51744
51966 52030
52247 52321
52423 52559
52900 52915
53206 53252
53309 53394
53863 53873
53998 54047
54262 54335
54557 54564
54689 54793
54965 55014
55511 55620
56086 56093
56542 56584
56772 56797
56837 56885
57114 57164
57631 57727
58119 58128
58564 58581
59000 59056
59432 59468
59570 59594
59777 59777
59794 59814
59898 59916
59996 59997
60273 60302
60754 60860
61084 61096
61123 61188
61541 61568
61886 61887
62340 62362
62373 62439
62749 62777
63241 63380
63493 63679
63972 64069
64469 64475
64787 64791
64818 64933
65032 65255
65463 65584
66049 66058
66088 66146
66490 66507
66527 66533
66877 66939
67189 67265
67603 67626
67651 67664
67730 67784
68108 68113
68579 68582
68863 68907
69132 69159
69209 69223
69621 69642
70136 70228
70568 70601
70973 70976
71160 71174
71369 71391
71404 71511
71661 71670
72014 72116
72468 72530
72760 72800
72846 72852
73143 73154
73453 73469
73626 73660
73662 73668
73978 74177
74408 74422
74840 74885
75044 75193
75312 75317
75438 75521
75996 76004
76183 76191
76666 76705
76933 76959
77024 77053
77544 77572
77931 77956
78436 78477
78824 78917
79050 79053
79244 79303
79455 79579
79612 79615
79843 79886
80175 80219
80265 80266
80360 80455
80503 80640
81118 81122
81346 81373
81512 81523
81698 81708
81847 81933
81956 81961
82128 82153
82190 82253
82513 82540
82777 82785
83180 83234
83319 83345
83699 83706
83949 83960
84380 84508
84657 84746
84827 84877
85261 85419
85697 85718
85724 85875
86144 86183
86487 86507
86798 86818
87187 87241
87444 87448
87882 87885
87904 87980
88183 88239
88328 88357
88504 88623
88635 88662
88960 89016
89412 89475
89857 89923
90300 90320
90735 90797
90857 90867
91273 91289
91346 91422
91437 91647
91793 91874
92342 92351
92358 92378
92521 92552
92740 92791
92836 92839
93217 93253
93570 93612
93842 94037
94299 94326
94383 94499
94872 94900
95232 95278
95451 95453
95685 95690
96012 96125
96515 96765
96858 96860
97305 97492
97722 97770
98170 98289
98526 98594
99061 99164
99663 99710
99969 99985
100058 100112
100467 100573
100617 100682
101180 101195
101236 101258
101660 101706
102147 102215
102487 102536
102855 103011
103123 103162
103568 103634
103905 103981
104393 104418
104781 104802
104867 104880
104984 105002
105093 105123
105234 105235
105628 105658
106047 106095
106127 106145
106447 106508
106532 106579
107068 107084
107313 107354
107577 107601
107685 107796
107979 107995
108054 108079
108445 108463
108829 108875
108895 108909
109101 109171
109212 109234
109459 109486
109937 110044
110417 110467
110559 110622
110824 110824
110899 110907
110979 111015
111136 111142
111358 111389
111808 111852
112088 112125
112572 112576
112873 112880
113159 113166
113586 113650
113929 113968
114465 114504
114982 115038
115386 115394
115734 115749
116012 116036
116161 116238
116446 116458
116923 116993
117275 117322
117585 117599
117615 117624
118008 118028
118521 118610
119107 119247
119412 119417
119478 119509
119985 120100
120357 120367
120626 120668
120896 120939
121424 121459
121565 121579
121883 121885
122118 122217
122434 122453
122877 123002
123316 123425
123496 123514
123712 123748
123961 123987
124281 124297
124576 124576
124842 124873
125312 125322
125563 125628
125975 125984
126346 126347
126405 126416
126713 126821
126986 127014
127447 127455
127757 127802
127978 128081
128401 128412
128674 129056
129412 129442
129583 129716
129869 129902
130180 130185
130527 130564
130926 130940
131033 131061
131526 131528
131649 131755
132085 132085
132568 132620
132770 132890
133320 133426
133841 133871
134256 134276
134538 134573
134851 134924
135070 135074
135350 135510
135575 135585
135960 135996
136087 136092
136154 136207
136461 136541
136629 136635
137016 137087
137459 137506
137559 137603
137966 138089
138454 138474
138740 138964
138972 138984
139091 139096
139467 139574
139923 139934
140259 140334
140337 140378
140549 140572
140582 140657
141100 141157
141356 141393
141697 141759
142105 142130
142170 142248
142680 142704
143138 143241
143561 143629
144006 144061
144088 144102
144401 144465
144780 144793
144857 144898
145115 145124
145444 145483
145961 145970
146273 146388
146555 146608
146861 146894
147375 147428
147908 147977
148158 148191
148504 148517
148647 148667
149039 149167
149562 149780
150101 150110
150356 150379
150707 150725
151222 151244
151253 151464
151488 151500
151756 151774
152112 152195
152478 152529
152540 152548
152984 152994
153303 153410
153514 153521
153800 153817
153873 153926
154409 154504
154808 154809
155137 155219
155608 155621
155773 156050
156547 156550
156878 156882
157311 157356
157516 157636
158040 158101
158122 158144
158351 158427
158759 158768
158811 158941
159169 159197
159681 159687
160042 160083
160397 160490
160882 160883
160910 160920
161036 161039
161430 161434
161511 161561
161986 162049
162200 162222
162371 162372
162642 162672
163167 163407
163777 163856
164031 164074
164346 164363
164709 164735
164777 164818
164961 164995
165466 165483
165524 165561
166033 166038
166171 166183
166588 166647
166674 166675
166991 167098
167212 167234
167686 167731
167847 167973
168032 168142
168625 168673
168709 168709
168739 168739
168891 168948
169272 169314
169353 169400
169827 169838
170101 170161
170284 170327
170416 170462
170667 170718
171208 171232
171269 171289
171481 171738
172179 172215
172361 172373
172859 172885
173307 173346
173566 173671
173834 173897
174120 174200
174577 174628
174923 174965
175050 175075
175378 175397
175704 175799
176112 176113
176428 176519
177013 177070
177392 177542
177911 177972
178270 178272
178583 178614
178717 178730
178800 178834
178839 178866
179053 179064
179371 179447
179602 179611
179929 179980
180119 180181
180398 180409
180432 180481
180705 180708
180710 180724
180966 181063
181240 181265
181504 181528
181567 181727
182219 182262
182600 182642
182839 182967
183008 183060
183311 183342
183426 183432
183657 183659
184040 184049
184416 184483
184568 184583
185069 185108
185285 185317
185426 185557
185586 185595
185629 185794
186134 186154
186651 186668
186825 187026
187294 187335
187435 187461
187796 187907
188114 188306
188317 188358
188826 188845
189116 189129
189387 189523
189549 189552
189971 190006
190062 190081
190334 190380
190748 190751
191082 191093
191330 191389
191615 191684
191842 191934
192033 192042
192328 192377
192440 192546
192884 192889
193312 193352
193372 193560
193714 193729
194100 194166
194169 194171
194444 194460
194819 194821
195282 195303
195686 195710
196090 196106
196266 196274
196306 196341
196735 196890
197072 197082
197352 197401
197499 197542
197578 197610
198045 198052
198316 198369
198525 198555
198969 198998
199323 199350
199415 199448
199684 199694
200095 200131
200507 200536
200678 200801
201169 201178
201622 201635
201742 201804
201826 201846
202126 202153
202292 202303
202450 202475
202732 202749
202897 202903
203250 203274
203300 203342
203349 203364
203422 203506
203529 203592
203824 203829
204243 204284
204513 204646
204785 204884
204885 204900
205377 205379
205807 205820
206001 206076
206228 206289
206349 206450
206839 206936
206945 207040
207120 207135
207157 207208
207497 207497
207605 207665
208124 208166
208467 208489
208547 208589
208941 208964
209436 209468
209921 209958
210289 210424
210828 210831
211251 211389
211519 211529
211532 211558
211673 211673
211862 211911
212147 212150
212450 212482
212923 212952
213175 213188
213574 213667
213671 213804
214019 214045
214323 214341
214388 214544
214779 214801
214895 214904
215127 215181
215672 215685
215941 216046
216166 216205
216335 216370
216389 216409
216826 216858
216865 216944
217212 217307
217592 217617
218025 218037
218520 218551
219009 219047
219290 219397
219647 219682
219963 219973
220197 220222
220355 220461
220560 220581
221006 221044
221487 221612
221882 221884
221954 221984
222075 222079
222499 222499
222701 222735
222741 222760
223006 223009
223167 223235
223534 223543
223673 223750
224102 224122
224436 224447
224744 224762
225024 225072
225100 225110
225333 225411
225872 225909
225921 225933
226071 226216
226463 226467
226828 226850
227203 227272
227525 227537
227992 228044
228443 228481
228769 228793
229029 229056
229281 229319
229705 229763
230060 230061
230399 230523
230693 230737
230792 230802
231078 231101
231597 231627
232067 232078
232128 232198
232392 232394
232523 232638
232875 232937
233043 233145
233625 233662
233896 233980
234108 234117
234161 234209
234603 234625
234948 234949
235264 235298
235520 235576
236021 236039
236317 236361
236374 236466
236693 236722
237179 237207
237416 237441
237707 237881
238036 238095
238544 238560
238812 238822
239125 239163
239532 239764
239823 239859
240329 240351
240838 240859
241127 241215
241287 241370
241393 241443
241542 241687
241895 241951
241999 242003
242441 242475
242558 242602
242660 242685
243100 243115
243128 243139
243205 243307
243737 243888
244038 244181
244406 244421
244476 244515
244693 244783
245090 245154
245380 245441
245810 245864
245918 245941
246122 246159
246165 246190
246259 246403
246780 246822
247024 247051
247060 247089
247099 247142
247202 247214
247687 247691
247707 247732
247929 247958
248144 248187
248244 248322
248582 248585
249020 249160
249192 249263
249714 249746
250028 250047
250157 250202
250619 250674
250924 250943
251074 251086
251140 251144
251575 251615
252104 252124
252200 252234
252284 252325
252420 252421
252739 252746
252786 252799
252892 252900
252945 252961
253290 253370
253430 253442
253737 253742
254029 254047
254396 254477
254758 254801
255236 255239
255548 255586
256061 256166
256366 256384
256603 256761
256937 256941
256982 257071
257408 257408
257497 257511
257556 257696
257829 257845
258163 258225
258488 258535
258561 258604
258865 258887
258947 259050
259403 259433
259526 259556
259638 259642
259831 259841
260071 260174
260178 260236
260463 260465
260809 260905
261275 261319
261467 261470
261726 261741
261818 261842
261914 262147
262187 262196
262352 262363
262684 262805
263110 263188
263543 263561
263987 264235
264677 264684
264985 264987
265255 265259
265699 265712
266174 266323
266646 266658
266682 266744
266811 266856
266862 266874
267090 267133
267262 267279
267711 267750
268028 268043
268100 268123
268198 268213
268290 268451
268892 268895
269202 269248
269684 269710
270046 270067
270353 270354
270449 270453
270864 270873
271310 271491
271901 271926
272316 272340
272639 272640
273126 273141
273262 273342
273697 273717
274175 274317
274353 274476
274906 275015
275205 275219
275412 275412
275909 275974
276222 276262
276394 276408
276880 277075
277557 277634
277895 277908
277979 278106
278242 278282
278516 278550
278975 279006
279199 279209
279250 279492
279508 279562
279839 279868
280193 280226
280311 280357
280541 280571
280707 280754
281142 281179
281601 281623
281821 281951
282413 282418
282787 282809
283052 283202
283247 283300
283367 283495
283960 283969
283999 284008
284092 284134
284510 284563
284859 284920
285020 285049
285250 285309
285466 285512
285772 285845
285974 286008
286365 286396
286680 286703
286738 286784
286972 287030
287480 287530
287947 287990
288383 288494
288940 288942
289080 289094
289317 289327
289340 289347
289425 289586
289680 289697
289959 289967
290032 290161
290402 290731
290962 290978
291411 291411
291795 292025
292319 292322
292662 292700
293025 293116
293363 293426
293890 293906
293933 294134
294165 294211
294667 294802
294914 294947
295298 295312
295725 295741
296003 296046
296446 296468
296856 296861
297028 297134
297526 297597
297817 297830
298128 298130
298428 298447
298860 299035
299450 299624
299919 299977
300248 300250
300422 300426
300528 300703
301032 301116
301613 301711
302115 302125
302191 302203
302472 302497
302805 302954
303274 303380
303441 303541
303861 303866
304321 304347
304391 304465
304888 304903
305193 305211
305320 305334
305778 305792
306076 306081
306281 306311
306741 306762
306818 306880
306895 306896
307018 307099
307350 307487
307583 307613
307707 307751
308138 308181
308280 308341
308634 308675
309127 309248
309370 309391
309767 309773
310050 310084
310104 310170
310224 310237
310528 310624
311019 311124
311482 311518
311573 311586
311994 312130
312273 312361
312825 312953
313226 313252
313417 313447
313539 313618
313697 313699
314075 314138
314210 314236
314315 314337
314619 314786
315217 315277
315406 315414
315913 315925
315943 315998
316426 316449
316754 316787
316855 316881
317103 317107
317266 317302
317391 317505
317538 317634
317764 317805
318001 318135
318389 318398
318825 318955
318975 319099
319504 319536
319856 319906
320148 320169
320553 320569
320808 320858
321243 321275
321309 321309
321794 321799
322121 322132
322628 322663
322866 322873
323235 323359
323583 323708
323819 323852
324152 324232
324494 324589
324967 325129
325210 325217
325395 325408
325566 325649
325973 325973
326087 326371
326488 326498
326839 326864
327304 327368
327792 327852
328294 328398
328469 328486
328544 328597
328713 328773
328789 328796
329008 329021
329027 329044
329106 329124
329606 329678
329915 329917
329941 329943
329953 329956
330138 330149
330568 330662
331048 331072
331276 331307
331626 331645
332000 332181
332612 332659
332755 332787
333052 333098
333452 333511
333978 334026
334332 334413
334811 335091
335473 335486
335710 335711
335737 335865
336230 336274
336715 336723
336969 336975
337316 337362
337725 337738
338073 338078
338085 338112
338346 338372
338667 338678
338794 338921
339079 339099
339493 339513
339679 339709
339886 340237
340640 340792
340916 340973
341334 341376
341480 341552
341974 341978
342447 342479
342778 342908
343162 343168
343414 343432
343828 343899
344217 344223
344465 344486
344675 344675
344845 344967
345059 345092
345369 345381
345634 345693
345850 345870
346291 346342
346702 346770
346811 346893
347340 347343
347749 347798
348126 348147
348403 348409
348644 348652
348898 348913
349086 349087
349421 349456
349642 349672
350015 350061
350345 350370
350519 350562
350906 350979
351099 351106
351413 351447
351474 351477
351839 351898
351975 352044
352217 352255
352649 352670
352714 352759
353180 353235
353442 353481
353869 353918
354205 354219
354611 354627
354806 354874
355008 355025
355441 355458
355465 355532
355920 355937
356186 356189
356381 356523
356881 357003
357264 357271
357390 357423
357441 357449
357872 357992
358448 358465
358566 358658
359087 359099
359352 359403
359780 359814
360046 360170
360619 360635
360951 360988
360995 361003
361059 361112
361448 361474
361492 361582
361915 361921
362223 362243
362601 362618
362893 362912
363165 363184
363283 363303
363332 363422
363892 363912
364165 364178
364387 364394
364574 364607
364865 364868
365026 365073
365500 365557
365864 365914
366388 366401
366450 366552
367015 367065
367425 367534
367962 368158
368249 368299
368482 368504
368820 368847
369196 369215
369325 369401
369434 369464
369950 369994
370116 370120
370249 370367
370591 370717
371091 371115
371567 371582
371592 371612
371922 371981
371996 372003
372017 372035
372241 372337
372640 372663
372760 372805
373041 373063
373441 373449
373506 373582
373872 373933
374081 374103
374397 374445
374757 374812
375080 375090
375412 375439
375852 375886
376258 376274
376307 376555
376616 376656
376678 376736
376770 376807
377138 377207
377221 377238
377412 377705
377843 377908
378009 378009
378440 378457
378514 378523
378608 378704
379170 379172
379550 379557
379693 379755
380144 380156
380468 380475
380649 380775
381151 381160
381557 381571
381581 381581
382005 382087
382363 382558
382929 382943
383391 383431
383776 383839
384172 384180
384417 384422
384685 384707
384717 384733
385119 385153
385403 385418
385573 385614
385975 385989
386422 386442
386830 386835
386994 387064
387199 387240
387658 387698
387900 387969
388275 388334
388433 388444
388465 388603
388773 388841
389208 389209
389252 389319
389585 389785
390135 390156
390445 390469
390550 390644
391102 391145
391458 391639
391797 391838
392326 392426
392914 392927
393068 393101
393118 393213
393260 393364
393525 393549
393701 393704
393952 393968
394030 394156
394276 394351
394361 394363
394860 394902
394982 394995
395196 395232
395310 395332
395426 395460
395932 395939
396345 396382
396638 396648
396656 396703
396874 396909
396925 396928
397297 397314
397778 397833
397932 397940
397953 397992
398008 398022
398334 398444
398576 398696
398926 398955
399361 399362
399790 399793
399948 399961
400075 400096
400382 400413
400561 400608
400922 400942
400986 401003
401093 401119
401190 401208
401688 401710
402088 402136
402594 402604
402990 403069
403249 403322
403531 403579
403632 403674
403770 403791
404092 404179
404588 404607
404743 404813
405135 405138
405451 405553
405673 405806
405836 405922
405941 405953
406316 406407
406856 406893
407023 407055
407470 407510
407704 407735
407983 408032
408231 408232
408511 408575
408874 409038
409444 409475
409721 409721
409916 409929
410203 410208
410422 410457
410862 410863
410913 411112
411249 411254
411699 411852
412010 412033
412286 412504
412916 412928
413000 413011
413073 413099
413488 413502
413606 413617
414106 414186
414314 414451
414937 414967
415087 415148
415584 415598
416006 416013
416495 416583
416662 416729
416913 416941
417290 417392
417755 417768
418139 418169
418237 418318
418776 418945
419168 419224
419553 419689
419859 419932
420012 420015
420271 420276
420484 420496
420516 420545
420897 420954
421036 421063
421441 421467
421645 421690
421778 421779
422197 422203
422311 422316
422748 422873
422984 422995
423419 423433
423481 423628
423701 423732
424021 424043
424287 424330
424540 424611
424667 424708
424882 424884
424979 424993
425292 425314
425632 425643
425789 425797
426244 426397
426545 426557
427034 427107
427226 427324
427566 427579
427606 427638
427961 428013
428372 428403
428858 428865
429174 429212
429484 429551
429841 429874
430066 430104
430122 430140
430431 430543
430559 430674
430689 430697
430923 430947
431385 431565
431971 431982
432264 432353
432553 432564
432724 432736
433036 433123
433136 433192
433666 433674
433882 433888
434234 434313
434541 434618
434639 434728
435095 435097
435414 435500
435598 435617
435675 435831
435998 436020
436159 436160
436326 436437
436533 436534
436732 436779
437077 437080
437200 437279
437373 437398
437541 437581
438066 438074
438140 438147
438253 438486
438865 438888
438889 438894
439119 439276
439368 439414
439753 439879
440246 440246
440444 440526
440833 440858
440952 441016
441474 441480
441590 441615
441909 441933
442123 442146
442518 442538
442982 443147
443401 443402
443706 443716
444170 444197
444505 444550
444732 444740
445053 445069
445420 445452
445624 445633
445637 445654
445739 445818
446262 446292
446687 446791
446914 447099
447126 447154
447465 447486
447764 447799
448088 448095
448499 448528
448865 448893
449345 449354
449492 449551
449626 449644
449645 449670
449726 449763
449951 449966
450041 450139
450450 450505
451004 451040
451369 451402
451442 451514
451562 451611
451714 451771
451998 452031
452324 452342
452556 452573
452786 452838
453148 453182
453265 453419
453875 453877
453956 453960
454062 454098
454104 454133
454575 454674
455100 455286
455494 455542
455985 456017
456342 456371
456576 456609
456657 456682
456812 456818
457011 457181
457425 457427
457728 457825
458076 458097
458252 458331
458456 458483
458589 458666
458837 458854
459289 459361
459822 459836
460142 460292
460687 460826
461162 461199
461393 461530
461889 462152
462266 462281
462464 462493
462516 462519
462654 462655
463018 463044
463398 463462
463552 463573
463692 463822
464313 464376
464594 464597
465005 465024
465303 465305
465345 465350
465720 465847
466175 466205
466249 466274
466503 466515
466884 466903
467386 467397
467729 467760
468094 468158
468412 468415
468560 468649
468686 468688
468807 468852
469185 469193
469354 469371
469761 469853
470189 470225
470341 470348
470759 470835
471015 471060
471478 471505
471839 471879
471985 472015
472314 472322
472596 472655
472666 472681
472802 472881
473286 473299
473620 473645
473949 474025
474223 474272
474764 475028
475189 475231
475431 475436
475751 475785
476077 476084
476418 476433
476569 476578
476859 476911
477362 477371
477664 477675
478022 478105
478148 478190
478646 478667
479046 479049
479461 479500
479850 479976
480424 480554
480589 480593
480738 480858
481008 481046
481157 481184
481321 481323
481495 481508
481703 481723
482180 482204
482549 482594
482643 482665
482920 482935
483380 483408
483856 483869
484112 484119
484403 484410
484778 484790
485007 485032
485305 485307
485514 485665
486094 486107
486448 486555
486727 486731
487101 487161
487368 487382
487388 487429
487763 487768
487813 487958
488030 488069
488539 488569
488879 488917
489124 489184
489571 489624
490066 490134
490626 490647
490919 490919
491299 491472
491950 491983
492007 492048
492498 492513
492784 492854
493149 493161
493299 493345
493824 493940
494147 494161
494651 494753
495016 495023
495262 495280
495646 495710
495739 495750
496132 496307
496549 496555
496598 496615
496991 497019
497256 497291
497735 497816
498066 498080
498326 498401
498659 498768
499145 499286
499765 499780
499981 500092
500422 500440
500480 500500
500837 501004
501256 501397
501850 501947
502225 502273
502525 502543
502611 502657
503115 503164
503554 503642
504056 504093
504144 504154
504545 504646
505095 505169
505453 505509
505662 505700
505883 505889
505964 505969
506366 506370
506721 506739
506968 506995
507187 507221
507289 507381
507609 507702
508028 508134
508537 508640
508961 508985
509045 509075
509200 509225
509470 509507
509910 509911
510216 510224
510580 510585
510698 510725
510986 511041
511136 511151
511587 511608
511894 511898
512110 512243
512309 512313
512617 512672
512741 512811
513021 513091
513445 513453
513544 513573
514044 514050
514394 514414
514779 514845
515228 515242
515394 515552
516041 516091
516378 516415
516561 516579
516812 516861
517283 517469
517965 518013
518249 518253
518303 518414
518807 518816
519067 519080
519573 519611
519980 520020
520101 520113
520516 520517
520566 520618
520920 520930
521104 521132
521374 521432
521817 521861
522090 522118
522309 522475
522892 522941
523398 523448
523636 523673
523757 523892
523899 523954
524336 524357
524656 524670
524801 524903
524962 524977
525334 525480
525811 525895
525969 525994
526149 526173
526471 526579
526614 526657
526742 526898
527231 527281
527291 527309
527807 527847
528014 528154
528291 528323
528729 528747
529244 529302
529721 529737
529758 529955
530450 530473
530952 530962
530991 531017
531273 531432
531696 531726
532040 532148
532295 532311
532732 532769
532786 532833
533121 533245
533462 533494
533618 533713
533812 533844
534290 534334
534591 534669
534877 535066
535386 535413
535490 535493
535908 535984
536201 536203
536435 536456
536856 536891
536959 536959
537182 537204
537291 537316
537441 537455
537876 537939
538292 538356
538643 538652
538811 538934
539322 539331
539461 539465
539889 539914
540070 540160
540364 540419
540491 540499
540933 540945
541292 541319
541649 541652
541921 541962
542321 542396
542480 542490
542699 542703
542711 542735
543193 543198
543688 543711
544165 544165
544438 544456
544624 544637
544666 544678
544736 544864
545230 545235
545565 545570
545776 545786
546250 546268
546726 546782
546829 546834
547134 547205
547695 547724
547848 547882
548081 548086
548549 548616
548955 548960
549436 549566
549828 549838
550012 550039
550352 550356
550620 550658
550789 550815
551187 551208
551271 551305
551544 551600
551894 551909
552266 552364
552651 552654
552867 552989
553485 553588
553701 553737
554050 554098
554461 554525
554573 554618
554697 554722
555204 555421
555737 555760
555871 555919
556266 556310
556678 556918
557282 557316
557530 557553
557693 557719
558176 558188
558563 558586
558835 558844
559049 559102
559137 559211
559514 559572
559877 560010
560092 560094
560480 560521
561020 561183
561578 561616
562059 562103
562502 562577
562739 562818
562838 563030
563333 563377
563668 563670
563810 563833
564220 564227
564285 564296
564378 564415
564816 564825
565215 565268
565449 565497
565559 565575
565731 565841
566123 566125
566313 566366
566467 566495
566853 566893
567026 567104
567225 567246
567649 567687
567910 567944
568020 568050
568068 568174
568484 568490
568554 568595
568827 568871
568916 568944
569065 569140
569373 569443
569914 569978
570096 570281
570356 570359
570651 570720
570846 570876
571249 571260
571317 571402
571490 571494
571819 571890
572137 572237
572632 572703
572822 572937
573363 573374
573852 573906
573987 574114
574564 574662
574725 574824
575169 575225
575610 575616
576036 576140
576346 576376
576810 576926
577056 577088
577506 577564
577956 577963
578424 578493
578712 578729
579039 579043
579222 579298
579449 579456
579899 579983
580422 580533
580586 580598
580951 580961
581284 581367
581373 581381
581406 581468
581951 582006
582149 582176
582658 582767
583199 583246
583281 583333
583745 583842
584193 584200
584286 584325
584481 584569
585057 585122
585220 585281
585642 585652
585739 585849
586075 586141
586551 586556
586674 586721
587218 587264
587519 587548
587714 587883
588205 588206
588506 588528
588561 588563
588836 588927
589189 589199
589698 589722
589868 589964
590264 590270
590394 590410
590892 590914
590987 591051
591517 591556
591716 591735
592118 592164
592490 592495
592915 592918
593343 593354
593557 593587
594036 594041
594292 594301
594592 594771
594841 594856
595350 595466
595524 595610
595901 595905
596228 596280
596327 596330
596539 596607
596923 596928
597220 597328
597620 597627
597959 598056
598519 598538
598654 598750
598910 598931
598989 599053
599398 599451
599559 599594
599885 599941
600226 600319
600459 600487
600864 600905
601074 601211
601419 601430
601544 601545
601908 601933
602381 602462
602531 602541
602632 602732
603158 603166
603544 603586
603868 603939
604285 604338
604701 604725
605220 605285
605385 605445
605506 605508
605937 606016
606150 606189
606629 606644
607080 607183
607301 607343
607378 607386
607563 607653
608007 608026
608462 608464
608862 608864
608992 609049
609085 609169
609447 609454
609803 609875
610088 610121
610434 610441
610534 610576
610621 610623
610751 610838
611257 611302
611666 611667
611933 611980
612297 612298
612568 612599
612772 612796
612884 612933
613343 613345
613782 613786
613920 614039
614256 614301
614392 614444
614875 614883
615055 615071
615344 615362
615521 615609
615779 615843
616326 616355
616360 616390
616461 616472
616816 616826
616833 616986
617225 617240
617410 617428
617490 617518
617776 617787
617874 617957
618206 618298
618737 618745
618995 619065
619515 619536
619734 619835
620135 620196
620246 620290
620464 620497
620744 620832
621023 621066
621140 621256
621678 621722
621969 621985
622371 622435
622781 622822
622894 622898
622948 622958
623319 623497
623561 623637
623724 623789
623902 623973
624382 624393
624445 624501
624775 624852
625071 625073
625378 625404
625821 625870
626302 626320
626699 626753
626875 626908
627042 627095
627525 627547
627940 627963
628286 628292
628702 628819
629185 629187
629593 629666
630110 630129
630585 630622
630833 630852
631077 631232
631412 631433
631702 631704
632084 632154
632334 632354
632489 632578
632851 632868
633276 633357
633752 633907
633939 633957
634300 634332
634706 634728
634969 635024
635488 635499
635794 635856
635973 635978
636065 636075
636197 636219
636385 636392
636741 636790
636839 636841
637323 637383
637463 637621
637915 637936
637983 638015
638302 638578
638651 638796
638937 638960
639118 639123
639282 639381
639447 639502
639851 639927
640069 640093
640251 640287
640682 640760
640766 640838
640841 640873
641212 641220
641436 641457
641522 641656
641804 641828
641906 642070
642490 642614
642958 642965
643185 643238
643274 643304
643555 643612
644055 644065
644420 644452
644697 644701
644776 644778
644894 644901
644929 644954
645377 645410
645456 645549
645808 645833
646320 646411
646655 646827
646843 646856
647282 647296
647708 647785
648228 648331
648410 648452
648596 648598
648820 648829
649210 649223
649394 649434
649580 649593
649746 649758
649860 649900
649914 649918
650369 650510
650926 650989
651253 651318
651626 651687
651715 651750
651819 651843
652203 652254
652367 652387
652483 652540
652918 652942
653089 653173
653489 653512
654002 654085
654394 654545
654793 654833
655266 655337
655613 655634
655690 655762
656005 656070
656214 656483
656715 656717
656778 656833
657302 657320
657381 657388
657457 657490
657580 657591
657677 657686
658113 658199
658552 658593
658595 658663
658827 658840
659081 659119
659320 659376
659606 659675
659904 660052
660366 660412
660541 660549
660812 660881
661190 661213
661401 661411
661836 661871
662270 662307
662556 662659
662769 662896
663251 663254
663705 663826
664029 664068
664548 664641
664884 664896
665260 665301
665489 665549
665769 665806
665906 665948
666277 666305
666523 666549
666950 667011
667046 667169
667563 667695
667832 667961
668054 668081
668415 668512
669008 669089
669528 669594
669716 669728
670037 670066
670373 670458
670937 670959
671350 671407
671817 671820
672282 672325
672576 672580
673004 673073
673352 673475
673603 673636
673678 673679
673920 674018
674443 674476
674809 674809
674906 674965
675326 675366
675624 675738
676038 676054
676088 676384
676419 676444
676527 676604
676932 676973
677017 677026
677061 677125
677560 677594
678089 678135
678299 678365
678690 678730
679117 679121
679281 679302
679584 679681
679892 679981
680131 680141
680521 680582
680677 680690
681144 681167
681173 681216
681670 681710
681809 681920
681992 682023
682108 682171
682464 682581
682714 682716
683071 683129
683256 683284
683529 683535
683592 683610
683942 683975
684114 684127
684236 684262
684580 684608
685016 685023
685450 685593
685806 685871
686370 686415
686742 686754
687197 687204
687373 687376
687669 687691
688151 688161
688505 688622
688856 688865
689148 689154
689506 689511
689631 689640
689944 690244
690384 690401
690877 690885
691065 691094
691143 691145
691419 691429
691528 691562
691686 691709
691786 691807
692044 692108
692409 692424
692459 692568
692763 692806
693063 693066
693151 693380
693831 693851
693914 693976
693997 693999
694056 694077
694079 694146
694477 694490
694585 694595
694924 694988
695478 695496
695932 695961
695992 696018
696027 696031
696200 696251
696625 696672
697004 697013
697478 697560
697790 697831
698175 698335
698571 698587
698744 698765
698879 698881
698966 699029
699460 699471
699520 699555
699881 699900
700319 700322
700750 700758
700927 701029
701140 701335
701549 701565
701874 701895
701989 702071
702496 702496
702665 702672
702768 702770
703073 703120
703309 703326
703612 703655
703717 703808
704257 704353
704594 704608
704798 704840
704909 704917
705369 705401
705857 705876
706276 706309
706393 706426
706791 706829
707244 707282
707397 707496
707758 707784
707869 707905
708105 708134
708514 708523
708812 708848
708868 708906
709171 709193
709623 709637
709960 710066
710386 710402
710869 710902
711036 711046
711153 711262
711692 711743
712203 712300
712331 712358
712553 712570
712765 712780
712891 712897
712912 712927
713107 713163
713644 713649
714085 714091
714402 714428
714692 714740
714858 714898
715316 715320
715654 715681
715742 715760
716152 716173
716190 716228
716485 716504
716724 716752
716908 716919
716958 716986
717437 717523
717954 718043
718164 718207
718546 718552
718655 718672
718934 718956
719033 719073
719305 719315
719401 719441
719798 719819
719923 719985
720247 720395
720556 720595
720860 720963
720973 721072
721229 721247
721440 721450
721813 721819
721882 721945
722391 722470
722906 722910
723232 723234
723385 723513
723644 723748
724213 724285
724704 724732
725004 725029
725397 725508
725976 726054
726421 726436
726568 726637
726912 726979
727173 727288
727765 727872
728191 728228
728501 728558
728905 728926
729309 729376
729781 729803
729943 729958
730075 730104
730221 730244
730426 730430
730847 730855
731183 731215
731709 731711
732059 732072
732435 732479
732933 733045
733462 733484
733834 733946
734236 734251
734297 734334
734807 734825
735064 735110
735417 735436
735811 735814
736016 736041
736108 736113
736170 736212
736228 736262
736605 736658
736727 736764
736888 736950
737157 737174
737206 737381
737879 737880
738245 738266
738461 738466
738556 738561
739054 739060
739324 739325
739813 739892
740082 740131
740363 740377
740390 740469
740929 740931
741338 741401
741662 741677
741891 741919
741950 742020
742263 742305
742518 742535
742914 742965
743233 743403
743859 743864
744299 744365
744646 744661
744884 744911
745380 745398
745795 745854
745918 745981
746029 746056
746500 746552
746888 746902
747058 747164
747593 747594
747633 747646
747667 747791
748169 748273
748543 748705
748888 748963
749136 749158
749226 749249
749461 749481
749559 749649
749927 750103
750266 750604
750703 750801
750967 750977
751115 751137
751333 751343
751785 751826
752024 752084
752368 752376
752658 752716
752969 753052
753435 753442
753770 753836
754316 754374
754380 754410
754822 754865
755128 755142
755449 755516
755721 755765
755982 755987
756174 756182
756516 756663
756945 756985
757206 757265
757562 757595
758034 758104
758277 758322
758432 758447
758920 758933
759083 759152
759311 759363
759716 759725
760115 760133
760499 760632
760723 760736
761185 761216
761536 761554
761827 761835
762094 762097
762191 762196
762309 762324
762669 762671
762874 762897
763089 763121
763372 763388
763556 763574
763815 763869
764058 764160
764383 764440
764497 764524
764968 765008
765386 765434
765717 765760
765775 765781
766050 766058
766544 766566
766988 766992
767328 767508
767839 767882
768015 768040
768108 768168
768558 768558
768911 769133
769176 769181
769482 769571
769822 769945
769997 770039
770047 770199
770566 770587
770703 770767
771117 771139
771261 771263
771529 771676
771946 771969
772413 772423
772790 772800
772832 772873
773090 773216
773229 773338
773670 773677
774125 774176
774349 774402
774771 774865
775180 775219
775414 775488
775823 775907
776269 776294
776791 776897
777211 777319
777382 777543
777938 777957
778195 778209
778412 778451
778732 778786
778857 778878
779055 779101
779112 779197
779630 779671
779841 779842
780262 780312
780600 780691
781160 781272
781660 781667
782035 782039
782296 782335
782535 782538
782549 782602
782675 782858
783268 783342
783816 783823
783914 783946
784418 784429
784800 784839
785215 785324
785456 785459
785480 785495
785985 786060
786372 786409
786666 786725
786798 786807
787218 787401
787878 787896
788069 788070
788079 788120
788152 788166
788563 788563
788589 788621
788729 788760
788902 788954
789433 789591
789929 789943
790252 790283
790743 790744
790824 790857
791215 791220
791234 791238
791673 791695
791777 791780
792183 792261
792350 792402
792428 792459
792687 792724
793103 793135
793479 793486
793640 793677
793975 794218
794574 794599
794852 794960
795357 795370
795849 795902
796050 796072
796324 796350
796372 796399
796887 796936
797246 797250
797268 797293
797407 797423
797589 797613
797772 797798
797838 797909
798343 798364
798819 798860
798893 798907
799127 799170
799576 799659
799769 799803
800141 800176
800221 800270
800491 800545
801040 801043
801157 801399
801453 801470
801748 801808
801952 801957
802416 802454
802507 802520
802844 803030
803100 803102
803132 803215
803370 803372
803491 803605
803616 803620
803809 803836
804323 804340
804727 804794
805109 805118
805595 805695
806059 806087
806303 806311
806478 806521
806917 807043
807154 807190
807396 807406
807691 807743
807976 807976
807987 807988
808285 808286
808491 808504
808709 808798
808833 808974
809305 809394
809487 809534
809994 810012
810458 810480
810721 810797
810976 811047
811324 811342
811827 811845
811980 811987
812097 812257
812395 812458
812587 812657
812740 812748
813083 813106
813567 813581
813825 813832
814042 814051
814439 814452
814582 814644
815056 815129
815407 815438
815766 815775
815966 816003
816038 816053
816464 816466
816927 816953
817041 817132
817594 817796
817879 818057
818304 818320
818735 818822
819294 819398
819461 819732
819939 820035
820469 820481
820803 820884
821103 821153
821429 821491
821654 821684
821770 821777
821871 821909
822026 822037
822464 822487
822745 822784
823222 823249
823430 823458
823912 823938
824407 824466
824733 824787
825185 825425
825597 825673
825960 825967
826350 826438
826608 826621
826876 826906
827395 827424
827565 827587
827795 827805
827863 827920
828228 828246
828378 828572
828909 829035
829335 829440
829592 829597
829760 829823
829942 830025
830289 830328
830424 830473
830764 830833
831321 831367
831737 831759
831845 831909
832224 832225
832640 832760
832837 832841
833215 833270
833318 833503
833736 833758
834206 834394
834461 834468
834631 834647
834880 835007
835340 835410
835739 835823
835990 836008
836207 836219
836545 836596
836965 837184
837408 837421
837861 837896
838230 838298
838478 838528
838907 838924
839136 839144
839590 839604
839975 839996
840463 840508
840810 840819
841002 841020
841024 841069
841238 841324
841605 841675
841774 841781
842133 842149
842570 842573
842963 842979
843309 843356
843423 843458
843844 844026
844055 844069
844216 844221
844340 844340
844495 844620
845078 845090
845437 845523
845612 845719
845812 845831
846225 846230
846523 846526
846818 846905
847235 847264
847456 847469
847645 847679
848099 848188
848586 848600
849033 849053
849351 849434
849918 849918
850366 850391
850685 850686
851126 851154
851167 851177
851537 851556
851713 851715
851910 851911
852054 852161
852379 852406
852598 852654
853135 853175
853218 853353
853737 853767
854180 854182
854582 854587
854847 854850
855164 855164
855268 855335
855709 855768
856048 856240
856343 856417
856666 856671
857103 857109
857584 857624
857986 858092
858389 858492
858810 858959
859179 859182
859591 859666
859809 859852
860142 860175
860646 860667
860986 861044
861389 861435
861756 861793
862000 862091
862432 862474
862899 862919
863240 863275
863554 863584
863686 863696
864095 864115
864399 864432
864731 864758
865076 865089
865242 865279
865479 865480
865580 865583
865769 865816
866069 866128
866478 866508
866751 866785
866907 866920
866946 866984
867108 867116
867200 867338
867794 867817
868244 868384
868683 868751
869073 869152
869527 869540
869620 869645
869715 869769
869820 869853
870155 870265
870516 870564
870613 870650
870796 870905
871382 871395
871857 872019
872327 872340
872665 872718
873000 873018
873212 873217
873477 873499
873852 873868
874181 874185
874263 874290
874528 874610
874839 874884
875378 875422
875886 876016
876437 876509
876796 876866
876950 876991
877478 877621
877639 877658
877763 877869
878259 878262
878568 878575
879071 879145
879396 879436
879488 879497
879627 879698
879743 879783
879809 879915
880158 880207
880543 880574
880780 880821
881246 881302
881310 881328
881796 881804
882231 882251
882669 882694
882937 882964
883300 883312
883559 883651
883959 884037
884247 884270
884738 884778
885185 885197
885652 885656
885987 885987
886296 886319
886723 886745
886788 886806
886958 887078
887311 887327
887652 887737
887798 887803
887940 887964
888022 888179
888330 888337
888479 888533
888546 888578
889051 889096
889386 889471
889840 889871
890369 890396
890410 890498
890502 890570
890989 891004
891103 891138
891574 891587
891838 891838
891858 891910
892010 892038
892337 892342
892683 892707
893054 893093
893515 893524
893577 893579
894057 894082
894425 894440
894842 894854
895138 895229
895517 895538
895987 896024
896474 896475
896500 896649
896760 896762
896938 896975
897012 897049
897355 897357
897641 897666
898028 898038
898067 898124
898419 898420
898771 898774
899094 899102
899348 899376
899873 899892
900079 900085
900181 900211
900470 900494
900617 900671
901049 901056
901240 901321
901411 901598
901895 901899
901914 901986
902274 902283
902765 902783
902785 902792
902843 902846
903227 903263
903701 903731
904098 904104
904204 904247
904738 904745
904947 904948
905024 905100
905446 905577
905671 905690
906101 906134
906524 906649
906771 906830
907254 907321
907439 907529
907784 907813
907984 908064
908394 908396
908494 908511
908554 908587
908821 908872
908935 909019
909122 909178
909277 909282
909541 909565
909744 909886
910121 910313
910528 910541
910663 910714
910986 911038
911361 911383
911529 911535
911993 912151
912549 912591
912812 912871
912999 913103
913155 913172
913240 913247
913708 913887
914195 914205
914542 914598
914668 914698
914839 914858
914910 914921
915169 915242
915422 915444
915720 915745
915979 916052
916373 916401
916668 916714
916721 916734
917144 917148
917522 917601
917736 917788
918107 918124
918605 918614
918654 918718
919217 919322
919520 919530
919662 919673
919979 920050
920481 920488
920974 920991
921459 921534
921569 921624
921944 922205
922464 922511
922914 923000
923222 923236
923561 923569
923999 924008
924028 924235
924585 924706
924751 924812
925048 925116
925438 925502
925583 925665
926085 926111
926487 926530
926693 926741
927079 927156
927592 927609
928042 928045
928441 928451
928508 928511
928661 928700
928902 928949
929313 929331
929829 929875
930312 930394
930772 930918
931055 931078
931363 931365
931417 931449
931786 931837
931859 931957
932351 932358
932744 932835
932972 933000
933373 933396
933709 933777
934221 934239
934428 934428
934909 934987
935009 935096
935338 935353
935363 935368
935679 935685
935864 935890
936029 936053
936274 936543
936657 936726
937117 937166
937334 937346
937750 937933
938356 938408
938700 938705
938716 938802
938919 938973
939380 939413
939641 939665
939893 939951
939994 940009
940279 940383
940622 940637
940974 940975
941138 941154
941616 941730
942113 942339
942458 942524
942690 942879
943315 943416
943685 943909
944103 944201
944507 944555
944762 944784
944854 944893
944956 944984
945196 945199
945279 945298
945599 945609
945985 946018
946476 946539
946824 946833
947202 947227
947383 947437
947538 947581
947657 947954
948265 948455
948943 948978
949273 949274
949595 949607
949937 949937
950239 950240
950257 950262
950401 950419
950632 950652
951010 951014
951025 951073
951197 951268
951422 951457
951801 951891
952284 952331
952401 952402
952613 952675
952677 952678
953020 953032
953192 953244
953389 953444
953929 953936
953977 953987
954237 954299
954586 954693
955163 955209
955386 955419
955808 955811
956122 956147
956195 956213
956619 956678
956702 956729
957019 957069
957130 957151
957234 957275
957571 957584
957992 958020
958486 958597
959003 959142
959570 959573
959994 960084
960347 960419
960782 960807
960976 961009
961493 961510
961604 961677
962040 962199
962316 962317
962626 962652
962880 962901
962933 962935
963061 963122
963599 963663
964153 964233
964575 964584
964912 964977
965425 965530
965813 965817
966122 966156
966529 966598
966778 966820
966937 966963
967014 967338
967365 967469
967479 967513
968001 968014
968070 968105
968344 968476
968515 968608
968909 968960
968965 968982
969262 969389
969642 969675
969910 970111
970156 970209
970228 970260
970734 970762
970986 971083
971158 971167
971628 971741
972091 972103
972232 972282
972415 972548
972938 972974
973125 973139
973302 973311
973574 973632
973714 973730
974086 974158
974317 974339
974790 974808
975176 975228
975664 975692
975887 975999
976166 976356
976791 976878
977021 977032
977404 977490
977695 977717
977940 977997
978145 978449
978597 978630
978928 978987
979427 979450
979805 979911
980191 980223
980364 980375
980443 980454
980724 980734
981117 981252
981537 981689
981694 981714
982095 982097
982220 982245
982307 982470
982664 982724
982740 982765
982819 982850
983184 983198
983525 983603
983964 983974
984408 984411
984447 984512
984553 984592
984771 984840
984896 984930
985168 985173
985536 985577
985592 985602
985666 985712
986054 986066
986465 986539
986724 986746
987239 987259
987314 987314
987329 987333
987568 987590
987787 987846
987898 988076
988282 988318
988600 988719
989088 989092
989339 989452
989796 989843
990197 990227
990426 990489
990794 990802
990936 990960
991358 991455
991805 991860
992265 992324
992427 992472
992572 992573
992649 992689
992707 992756
993066 993114
993583 993648
993675 993712
993794 994151
994281 994342
994757 994803
994906 994994
995290 995312
995369 995487
995556 995561
995633 995636
995673 995993
996331 996451
996828 996843
997169 997178
997647 997698
998148 998158
998490 998658
998699 998743
999073 999106
999205 999297
999322 999361
999680 999713
999871 999888
999936 999955
1000080 1000088
1000150 1000234
1000485 1000512
1000694 1000757
1001166 1001172
1001265 1001285
1001362 1001382
1001531 1001539
1001668 1001763
1002209 1002261
1002270 1002291
1002672 1002763
1003079 1003092
1003357 1003420
1003479 1003525
1003963 1004046
1004146 1004192
1004548 1004621
1004812 1004824
1004843 1004868
1004895 1004962
1005181 1005205
1005244 1005300
1005545 1005551
1005776 1005788
1005888 1005898
1006210 1006333
1006766 1006776
1007198 1007290
1007335 1007419
1007512 1007576
1007592 1007599
1008017 1008061
1008451 1008488
1008884 1008921
1009314 1009327
1009640 1009778
1010058 1010066
1010306 1010339
1010637 1010642
1010726 1010726
1011074 1011120
1011571 1011608
1011830 1011842
1011858 1011912
1012351 1012353
1012654 1012664
1012920 1012927
1013178 1013187
1013625 1013628
1013880 1013949
1014432 1014439
1014609 1014732
1014867 1014869
1015354 1015360
1015833 1015856
1015945 1015994
1016379 1016420
1016535 1016687
1017186 1017233
1017293 1017367
1017557 1017567
1017621 1017628
1017849 1017856
1017982 1017982
1018217 1018239
1018478 1018488
1018986 1019134
1019530 1019543
1019587 1019694
1019702 1019790
1019843 1019844
1020170 1020200
1020557 1020559
1020919 1020958
1021443 1021525
1021694 1021742
1021769 1021831
1022138 1022189
1022620 1022634
1022820 1022830
1023006 1023038
1023215 1023238
1023331 1023353
1023686 1023724
1024145 1024153
1024417 1024482
1024836 1024867
1024890 1025019
1025053 1025346
1025485 1025496
1025543 1025545
1025775 1025960
1026104 1026111
1026222 1026271
1026765 1026806
1027063 1027064
1027122 1027141
1027511 1027533
1027699 1027864
1028347 1028348
1028495 1028558
1029036 1029055
1029509 1029541
1029563 1029618
1029770 1029786
1030194 1030266
1030659 1030692
1030793 1030865
1031015 1031133
1031368 1031381
1031688 1031698
1031950 1031998
1032261 1032283
1032464 1032536
1032549 1032557
1032954 1033026
1033327 1033360
1033742 1033799
1033895 1033919
1034010 1034106
1034184 1034243
1034502 1034540
1034993 1035014
1035179 1035202
1035206 1035261
1035599 1035630
1035858 1036028
1036467 1036474
1036650 1036665
1036780 1036785
1037196 1037198
1037482 1037486
1037651 1037652
1038006 1038058
1038556 1038575
1039008 1039014
1039477 1039478
1039752 1039824
1040042 1040110
1040219 1040246
1040367 1040395
1040547 1040586
1041030 1041056
1041236 1041264
1041297 1041318
1041676 1041781
1042070 1042085
1042281 1042290
1042708 1042758
1043084 1043188
1043442 1043474
1043702 1043795
1044228 1044247
1044453 1044480
1044571 1044606
1044817 1044847
1044984 1044987
1044995 1045006
1045452 1045495
1045699 1045720
1046068 1046111
1046229 1046301
1046333 1046513
1046952 1047023
1047346 1047356
1047678 1047757
1048042 1048107
1048576 1048708
1049042 1049050
1049269 1049307
1049528 1049612
1050077 1050120
1050255 1050271
1050399 1050481
1050547 1050566
1051059 1051081
1051301 1051362
1051710 1051729
1052064 1052083
1052242 1052259
1052483 1052486
1052749 1052756
1052851 1052898
1052943 1053052
1053224 1053257
1053610 1053611
1053914 1053916
1054013 1054053
1054523 1054580
1055024 1055027
1055290 1055312
1055382 1055424
1055455 1055476
1055931 1056031
1056386 1056458
1056657 1056665
1056831 1056988
1057228 1057313
1057595 1057596
1058058 1058142
1058238 1058297
1058377 1058411
1058416 1058460
1058495 1058540
1058608 1058609
1058735 1058845
1059178 1059282
1059700 1059710
1059858 1059883
1060366 1060400
1060527 1060561
1060633 1060660
1060866 1060876
1061224 1061469
1061559 1061566
1061829 1061922
1062220 1062248
1062577 1062644
1062798 1062882
1062974 1062996
1063200 1063217
1063635 1063638
1063841 1063875
1064367 1064461
1064843 1065006
1065219 1065304
1065565 1065606
1066013 1066121
1066212 1066252
1066727 1066798
1067274 1067291
1067512 1067530
1067654 1067654
1068151 1068155
1068397 1068409
1068693 1068924
1069008 1069011
1069337 1069373
1069802 1069827
1070144 1070209
1070364 1070379
1070541 1070572
1070954 1070992
1071136 1071142
1071280 1071309
1071665 1071671
1071788 1071840
1072247 1072249
1072702 1072730
1072844 1072883
1073079 1073155
1073159 1073169
1073387 1073424
1073498 1073510
1073551 1073573
1074067 1074219
1074453 1074481
1074842 1074847
1075329 1075348
1075611 1075686
1075978 1075986
1076367 1076377
1076639 1076652
1076851 1076870
1077152 1077185
1077455 1077471
1077665 1077767
1077867 1077947
1078206 1078233
1078403 1078441
1078867 1078887
1078956 1079037
1079093 1079108
1079525 1079527
1079768 1079870
1080199 1080298
1080483 1080518
1080731 1080792
1081023 1081027
1081172 1081186
1081495 1081535
1081714 1081774
1081913 1081923
1082061 1082067
1082215 1082235
1082481 1082551
1082971 1083073
1083114 1083134
1083591 1083623
1084062 1084120
1084335 1084350
1084438 1084440
1084736 1084758
1085229 1085245
1085458 1085470
1085700 1085714
1086110 1086128
1086140 1086307
1086440 1086443
1086453 1086476
1086787 1086861
1087270 1087276
1087672 1087716
1087722 1087762
1088221 1088247
1088490 1088496
1088792 1088825
1089317 1089327
1089745 1089775
1090100 1090115
1090426 1090480
1090704 1090756
1091101 1091146
1091470 1091751
1091832 1091857
1091970 1091981
1092266 1092308
1092487 1092551
1092636 1092828
1092843 1092875
1093311 1093319
1093742 1093745
1093853 1093857
1094116 1094149
1094395 1094440
1094935 1094997
1095022 1095064
1095514 1095540
1095748 1095889
1095903 1095947
1096047 1096079
1096200 1096205
1096206 1096306
1096376 1096421
1096659 1096845
1097085 1097089
1097128 1097154
1097314 1097359
1097769 1097789
1098177 1098353
1098803 1098804
1099270 1099304
1099396 1099408
1099522 1099580
1099601 1099632
1099666 1099720
1099949 1099950
1100276 1100324
1100664 1100693
1101083 1101138
1101351 1101364
1101738 1101741
1102080 1102091
1102559 1102651
1102695 1102869
1103333 1103374
1103762 1103878
1104070 1104081
1104357 1104426
1104780 1104785
1105047 1105051
1105447 1105585
1105908 1106003
1106391 1106486
1106657 1106666
1106773 1106777
1106937 1106937
1106983 1107064
1107251 1107427
1107517 1107587
1107678 1107688
1108105 1108108
1108211 1108235
1108732 1108741
1109003 1109022
1109130 1109224
1109573 1109604
1109633 1109966
1110316 1110374
1110719 1110835
1111086 1111093
1111362 1111369
1111795 1111804
1112296 1112330
1112579 1112606
1112765 1112800
1112918 1112941
1113427 1113471
1113872 1113886
1114027 1114060
1114537 1114567
1114842 1114856
1114865 1114881
1115294 1115297
1115488 1115547
1115658 1115671
1115994 1116081
1116402 1116412
1116677 1116677
1117012 1117051
1117445 1117477
1117882 1117967
1118209 1118234
1118500 1118510
1118919 1118979
1119385 1119417
1119513 1119525
1119881 1119889
1120167 1120196
1120315 1120334
1120356 1120406
1120556 1120566
1120770 1120778
1120878 1121015
1121426 1121458
1121740 1121752
1121894 1121938
1122128 1122199
1122358 1122364
1122558 1122593
1123035 1123057
1123268 1123271
1123726 1123749
1124123 1124155
1124179 1124246
1124736 1124755
1125029 1125072
1125474 1125646
1125688 1125723
1126183 1126196
1126562 1126598
1126804 1126826
1127270 1127283
1127483 1127494
1127884 1127927
1128221 1128364
1128674 1128676
1129173 1129178
1129498 1129536
1129787 1129810
1130155 1130163
1130389 1130392
1130763 1130772
1131070 1131111
1131150 1131200
1131524 1131562
1131667 1131687
1131875 1131969
1132191 1132207
1132239 1132301
1132579 1132704
1132919 1133019
1133146 1133151
1133597 1133664
1134162 1134195
1134259 1134356
1134851 1134860
1135314 1135321
1135801 1135804
1136207 1136270
1136652 1136670
1136925 1137000
1137341 1137353
1137454 1137608
1137771 1137781
1137977 1138026
1138345 1138369
1138839 1138881
1139102 1139168
1139507 1139512
1139614 1139647
1139877 1139979
1140204 1140232
1140339 1140363
1140526 1140591
1140738 1140747
1141143 1141210
1141557 1141575
1141943 1141966
1142034 1142114
1142203 1142204
1142535 1142598
1142650 1142778
1142862 1142870
1143351 1143433
1143542 1143568
1143903 1143969
1144454 1144501
1144574 1144668
1144785 1144840
1145093 1145114
1145249 1145278
1145631 1145651
1145983 1146003
1146238 1146285
1146713 1146757
1147225 1147292
1147353 1147384
1147671 1147736
1148053 1148176
1148429 1148471
1148687 1148722
1148786 1148945
1148966 1149028
1149075 1149170
1149590 1149642
1149667 1149700
1149975 1150010
1150329 1150385
1150754 1150754
1151055 1151133
1151280 1151280
1151315 1151591
1151804 1151822
1151902 1151934
1152092 1152118
1152419 1152497
1152636 1152645
1153012 1153125
1153371 1153635
1153992 1154034
1154097 1154111
1154360 1154390
1154720 1154723
1155089 1155092
1155299 1155315
1155399 1155403
1155848 1155938
1156204 1156406
1156581 1156624
1156788 1156792
1157151 1157185
1157637 1157700
1157787 1157870
1158230 1158265
1158490 1158513
1158971 1159071
1159329 1159342
1159424 1159440
1159812 1159922
1160027 1160045
1160057 1160075
1160560 1160587
1160977 1161084
1161194 1161198
1161273 1161283
1161440 1161479
1161575 1161599
1162035 1162136
1162194 1162238
1162433 1162471
1162557 1162705
1163101 1163129
1163511 1163663
1164036 1164207
1164684 1164719
1164731 1164784
1165234 1165265
1165542 1165574
1165783 1165838
1166286 1166317
1166771 1166858
1166936 1166960
1166970 1166971
1167066 1167067
1167330 1167393
1167674 1167678
1168001 1168140
1168333 1168337
1168365 1168409
1168809 1168814
1169114 1169160
1169656 1169679
1169764 1169870
1170008 1170023
1170326 1170575
1170719 1170785
1171149 1171168
1171541 1171712
1171988 1172000
1172279 1172330
1172372 1172430
1172533 1172569
1172767 1172771
1173066 1173180
1173576 1173620
1173861 1173874
1174280 1174310
1174378 1174535
1174862 1174875
1174909 1174919
1175280 1175295
1175333 1175453
1175804 1175876
1175951 1175956
1176326 1176330
1176669 1176680
1176948 1176948
1176988 1177014
1177303 1177353
1177744 1177878
1178058 1178175
1178237 1178331
1178484 1178504
1178960 1179070
1179337 1179350
1179594 1179602
1180020 1180095
1180404 1180418
1180826 1180878
1180913 1180923
1181416 1181416
1181826 1181847
1182156 1182216
1182628 1182752
1183011 1183122
1183304 1183314
1183318 1183325
1183354 1183374
1183515 1183668
1183993 1183994
1184116 1184133
1184307 1184407
1184574 1184592
1184865 1184891
1185054 1185094
1185148 1185149
1185388 1185450
1185860 1185868
1186318 1186409
1186654 1186667
1186796 1186819
1187220 1187238
1187490 1187514
1187551 1187606
1187687 1187721
1188048 1188105
1188254 1188256
1188533 1188567
1188661 1188722
1189180 1189191
1189397 1189424
1189749 1189763
1190052 1190065
1190453 1190515
1191014 1191048
1191527 1191628
1191739 1191789
1191963 1191972
1192116 1192158
1192461 1192462
1192946 1192984
1193423 1193426
1193674 1193685
1193725 1193740
1193793 1193803
1194022 1194054
1194086 1194110
1194301 1194356
1194770 1194773
1194812 1194872
1195027 1195033
1195197 1195281
1195520 1195607
1195856 1195953
1196001 1196075
1196379 1196439
1196444 1196586
1196703 1196746
1197212 1197228
1197315 1197339
1197465 1197467
1197807 1197827
1198193 1198316
1198798 1198804
1198812 1198926
1199134 1199148
1199422 1199434
1199711 1199736
1199886 1199890
1199991 1200115
1200506 1200554
1200788 1200825
1201212 1201216
1201425 1201436
1201715 1201768
1202121 1202199
1202663 1202743
1203234 1203339
1203773 1203848
1204027 1204137
1204581 1204615
1205063 1205092
1205218 1205229
1205233 1205260
1205555 1205611
1205935 1205944
1206292 1206364
1206526 1206545
1206947 1207008
1207451 1207496
1207578 1207591
1207945 1207992
1208128 1208153
1208651 1208652
1208723 1208725
1208932 1208948
1209179 1209183
1209379 1209430
1209809 1209813
1210109 1210151
1210282 1210282
1210747 1210852
1210914 1210971
1210999 1211128
1211526 1211625
1212080 1212121
1212254 1212299
1212673 1212760
1213049 1213063
1213427 1213448
1213627 1213645
1214137 1214175
1214351 1214369
1214537 1214550
1214783 1214838
1215331 1215414
1215741 1215791
1216057 1216192
1216677 1216801
1217271 1217339
1217436 1217443
1217763 1217906
1218333 1218344
1218385 1218406
1218569 1218611
1218665 1218688
1219063 1219139
1219542 1219596
1219971 1220033
1220517 1220539
1220764 1220855
1220928 1221096
1221360 1221401
1221681 1221683
1222032 1222277
1222346 1222396
1222763 1222772
1223190 1223264
1223612 1223642
1224094 1224157
1224510 1224527
1224856 1224920
1225201 1225408
1225585 1225744
1225891 1226169
1226661 1226681
1227019 1227063
1227134 1227143
1227316 1227382
1227689 1227714
1227801 1227861
1228242 1228262
1228509 1228574
1229064 1229112
1229261 1229281
1229658 1229724
1230198 1230330
1230528 1230541
1230564 1230580
1230701 1230738
1230776 1230787
1230810 1231025
1231500 1231511
1231822 1231825
1232128 1232238
1232735 1232736
1233200 1233221
1233231 1233239
1233683 1233684
1233801 1233804
1233932 1233942
1234171 1234205
1234274 1234307
1234751 1234753
1235108 1235110
1235220 1235286
1235412 1235421
1235453 1235540
1235845 1235857
1236301 1236310
1236315 1236322
1236444 1236502
1236627 1236637
1236721 1236819
1237136 1237317
1237407 1237408
1237682 1237685
1238110 1238157
1238167 1238175
1238319 1238375
1238647 1238650
1238680 1238711
1239059 1239101
1239295 1239295
1239716 1239728
1240002 1240006
1240458 1240520
1241012 1241335
1241577 1241729
1242190 1242255
1242453 1242457
1242850 1242881
1242984 1243014
1243506 1243545
1244022 1244085
1244419 1244467
1244530 1244596
1244935 1244991
1245231 1245391
1245670 1245674
1246102 1246150
1246491 1246559
1246900 1246905
1247098 1247115
1247467 1247486
1247633 1247715
1248164 1248400
1248449 1248470
1248899 1248949
1249345 1249452
1249727 1249860
1250307 1250325
1250680 1250827
1251298 1251398
1251721 1251732
1251804 1251843
1252293 1252344
1252680 1252719
1253213 1253288
1253434 1253614
1254061 1254085
1254280 1254337
1254499 1254500
1254674 1254683
1254994 1255051
1255507 1255668
1256030 1256041
1256412 1256484
1256948 1257019
1257163 1257163
1257281 1257353
1257394 1257478
1257827 1257847
1258332 1258372
1258479 1258534
1258609 1258683
1258877 1258907
1259268 1259334
1259587 1259593
1260064 1260190
1260354 1260417
1260820 1260884
1260969 1260970
1261143 1261212
1261377 1261380
1261880 1261919
1262054 1262065
1262210 1262285
1262593 1262701
1262876 1263012
1263107 1263139
1263587 1263626
1263963 1264037
1264404 1264493
1264907 1265006
1265442 1265445
1265460 1265469
1265834 1265885
1266205 1266217
1266370 1266420
1266662 1266713
1267090 1267116
1267489 1267505
1267849 1267874
1268077 1268095
1268266 1268360
1268793 1268839
1269219 1269232
1269351 1269371
1269401 1269401
1269801 1269818
1270001 1270037
1270060 1270095
1270290 1270303
1270775 1270786
1270901 1270902
1271079 1271089
1271268 1271317
1271391 1271403
1271524 1271545
1271803 1271854
1271967 1271969
1272120 1272183
1272584 1272657
1272971 1272995
1273052 1273107
1273147 1273173
1273455 1273482
1273739 1273756
1273879 1273907
1273924 1273974
1274004 1274073
1274496 1274498
1274653 1274746
1274809 1274907
1275032 1275070
1275407 1275436
1275918 1275977
1276015 1276077
1276481 1276486
1276960 1277024
1277080 1277128
1277291 1277331
1277569 1277621
1277700 1277702
1277744 1277766
1278115 1278419
1278780 1278798
1279257 1279308
1279738 1279768
1279980 1280015
1280273 1280292
1280582 1280584
1280946 1280962
1281335 1281469
1281780 1281815
1282239 1282273
1282392 1282459
1282780 1282782
1282880 1282910
1283246 1283252
1283662 1283672
1283804 1284007
1284313 1284340
1284730 1284749
1284930 1285023
1285120 1285160
1285202 1285225
1285453 1285540
1285997 1285997
1286031 1286050
1286536 1286732
1286843 1286856
1287138 1287236
1287303 1287315
1287745 1287820
1287962 1287985
1288153 1288164
1288544 1288612
1288801 1288842
1289206 1289215
1289319 1289555
1289642 1289685
1290119 1290122
1290518 1290538
1290808 1290938
1291353 1291379
1291657 1291665
1291806 1291867
1291890 1291895
1292323 1292382
1292637 1292687
1293004 1293058
1293328 1293342
1293491 1293514
1293576 1293601
1293964 1294038
1294213 1294257
1294407 1294478
1294587 1294619
1295021 1295117
1295494 1295580
1295622 1295650
1296143 1296202
1296609 1296879
1297153 1297213
1297481 1297546
1297681 1297747
1297976 1297983
1298398 1298398
1298710 1298712
1298823 1298830
1299317 1299395
1299397 1299607
1300070 1300151
1300308 1300311
1300590 1300597
1300623 1300672
1301160 1301206
1301686 1301706
1302055 1302081
1302198 1302219
1302267 1302516
1302601 1302650
1303082 1303082
1303279 1303298
1303429 1303477
1303693 1303758
1304222 1304240
1304585 1304669
1305092 1305116
1305204 1305289
1305730 1305802
1306163 1306195
1306315 1306325
1306632 1306633
1306840 1306855
1307326 1307328
1307811 1307846
1308086 1308165
1308600 1308620
1309112 1309180
1309242 1309408
1309525 1309659
1309729 1309746
1309751 1309790
1310192 1310223
1310300 1310368
1310435 1310515
1310830 1310900
1311061 1311099
1311135 1311157
1311370 1311476
1311659 1311674
1311725 1311773
1312222 1312245
1312385 1312402
1312876 1312893
1313089 1313092
1313474 1313488
1313758 1313759
1313977 1314005
1314123 1314146
1314490 1314554
1314569 1314593
1314678 1314701
1315050 1315080
1315513 1315518
1315646 1315715
1316090 1316091
1316113 1316152
1316447 1316546
1316905 1317039
1317179 1317334
1317723 1317732
1318114 1318177
1318279 1318325
1318750 1318757
1318805 1318882
1319248 1319269
1319599 1319654
1320106 1320144
1320206 1320274
1320620 1320675
1321114 1321172
1321451 1321490
1321640 1321646
1321917 1322009
1322458 1322519
1322991 1323026
1323081 1323087
1323562 1323569
1323724 1323754
1323873 1323883
1324153 1324224
1324500 1324543
1324832 1324933
1325107 1325328
1325698 1325700
1325733 1325740
1326007 1326037
1326239 1326258
1326411 1326421
1326617 1326644
1326645 1326877
1327115 1327137
1327288 1327329
1327525 1327570
1327665 1327754
1328048 1328078
1328562 1328590
1329085 1329089
1329370 1329385
1329609 1329660
1329779 1329871
1330196 1330401
1330543 1330629
1330971 1331013
1331259 1331263
1331336 1331376
1331517 1331679
1332134 1332178
1332611 1332679
1333169 1333265
1333699 1333803
1333869 1334036
1334475 1334519
1334633 1334734
1335192 1335196
1335568 1335633
1335965 1336140
1336556 1336609
1336907 1336910
1337245 1337256
1337323 1337391
1337393 1337434
1337566 1337658
1337902 1337977
1338134 1338141
1338579 1338639
1338958 1338970
1339123 1339133
1339416 1339431
1339641 1339656
1339943 1339968
1340094 1340097
1340389 1340622
1340992 1341034
1341208 1341213
1341573 1341654
1342044 1342105
1342328 1342392
1342796 1342801
1343134 1343224
1343495 1343599
1343910 1343942
1344005 1344025
1344192 1344251
1344346 1344358
1344610 1344631
1345075 1345081
1345498 1345507
1345920 1345936
1346310 1346326
1346409 1346420
1346831 1346904
1347321 1347389
1347656 1347660
1347851 1347873
1347893 1348029
1348382 1348539
1348780 1348828
1348894 1348895
1348930 1349001
1349125 1349162
1349505 1349506
1349875 1349940
1349992 1350031
1350267 1350289
1350571 1350598
1350953 1350957
1351175 1351217
1351341 1351378
1351666 1351678
1351930 1351989
1352174 1352225
1352267 1352298
1352371 1352534
1352695 1352816
1353096 1353187
1353279 1353281
1353534 1353559
1353876 1353971
1354066 1354079
1354403 1354424
1354812 1354858
1355199 1355235
1355492 1355545
1355824 1355873
1355981 1356010
1356216 1356237
1356513 1356518
1356648 1356751
1357165 1357171
1357307 1357358
1357443 1357460
1357571 1357774
1358087 1358126
1358536 1358551
1358678 1358726
1359054 1359061
1359495 1359513
1359810 1359848
1360102 1360152
1360481 1360517
1360854 1360876
1361320 1361379
1361578 1361603
1361844 1361881
1362251 1362259
1362732 1362780
1362942 1362958
1363446 1363488
1363643 1363660
1364124 1364136
1364468 1364480
1364574 1364609
1364773 1364897
1365177 1365182
1365494 1365576
1366006 1366025
1366501 1366515
1366746 1366766
1367136 1367374
1367839 1367935
1367997 1368038
1368462 1368493
1368948 1369001
1369042 1369063
1369366 1369374
1369702 1369791
1370077 1370355
1370490 1370514
1370839 1370937
1371371 1371383
1371486 1371503
1371789 1371789
1371842 1371856
1371978 1372092
1372110 1372150
1372463 1372618
1372940 1372969
1373166 1373243
1373741 1373746
1373964 1373974
1374331 1374347
1374442 1374461
1374627 1374765
1374948 1374956
1374990 1375009
1375351 1375451
1375549 1375618
1375908 1375954
1376282 1376306
1376354 1376356
1376731 1376825
1377017 1377057
1377426 1377471
1377836 1377845
1377875 1377925
1378042 1378156
1378517 1378521
1378683 1378816
1379020 1379234
1379533 1379601
1379973 1380062
1380364 1380434
1380451 1380451
1380786 1380805
1381081 1381156
1381638 1381717
1382212 1382251
1382479 1382483
1382736 1382819
1383070 1383231
1383322 1383337
1383595 1383646
1384034 1384085
1384102 1384103
1384159 1384196
1384213 1384222
1384495 1384578
1384785 1384924
1385010 1385040
1385505 1385579
1385702 1385754
1386104 1386146
1386384 1386513
1386960 1386992
1387256 1387292
1387573 1387594
1387720 1387759
1388062 1388090
1388350 1388367
1388617 1388673
1389104 1389111
1389341 1389405
1389564 1389670
1390126 1390163
1390564 1390602
1390957 1391006
1391010 1391020
1391353 1391360
1391567 1391589
1391872 1391923
1392034 1392052
1392207 1392214
1392608 1392638
1393004 1393104
1393422 1393427
1393617 1393672
1393840 1393852
1394247 1394272
1394578 1394697
1394740 1394785
1394882 1394891
1395183 1395186
1395540 1395727
1395742 1395774
1396159 1396182
1396601 1396601
1396906 1396913
1397110 1397274
1397415 1397576
1397682 1397724
1397775 1398003
1398376 1398382
1398624 1398700
1399026 1399030
1399154 1399309
1399482 1399491
1399884 1399954
1400141 1400190
1400282 1400286
1400741 1400766
1401065 1401089
1401208 1401228
1401432 1401502
1401733 1401756
1402204 1402288
1402335 1402367
1402570 1402595
1403062 1403068
1403322 1403348
1403420 1403575
1403667 1403697
1403928 1404039
1404138 1404170
1404383 1404425
1404569 1404578
1404796 1404810
1405216 1405244
1405624 1405745
1405758 1405823
1406274 1406302
1406541 1406567
1406811 1406848
1407199 1407201
1407607 1407707
1407917 1407918
1407957 1407960
1408071 1408141
1408633 1408845
1408919 1409013
1409491 1409509
1409690 1409720
1409870 1409886
1410279 1410283
1410707 1410722
1410757 1410774
1410950 1410982
1411107 1411112
1411251 1411296
1411307 1411341
1411744 1411888
1412330 1412397
1412591 1412613
1412795 1412863
1413203 1413346
1413647 1413649
1413816 1413851
1414319 1414449
1414814 1414843
1415245 1415262
1415413 1415414
1415688 1415730
1416212 1416257
1416377 1416448
1416472 1416507
1416975 1417115
1417268 1417306
1417339 1417459
1417747 1417751
1417813 1417845
1418249 1418276
1418377 1418381
1418643 1418648
1418672 1418675
1419054 1419062
1419452 1419495
1419647 1419653
1419781 1419841
1420238 1420353
1420474 1420581
1420867 1420899
1421207 1421210
1421377 1421509
1421597 1421624
1421634 1421649
1421882 1421907
1422278 1422323
1422743 1422877
1423329 1423358
1423533 1423631
1423807 1423844
1424156 1424193
1424632 1424656
1424689 1424732
1424998 1425006
1425372 1425530
1425681 1425787
1425887 1425890
1426224 1426227
1426602 1426606
1427044 1427108
1427171 1427300
1427738 1427783
1428036 1428063
1428242 1428244
1428520 1428528
1428753 1428776
1428786 1428868
1429037 1429042
1429514 1429534
1429975 1430107
1430437 1430445
1430594 1430618
1430706 1430722
1430878 1430891
1431358 1431445
1431446 1431479
1431672 1431692
1431765 1431771
1431867 1431889
1432331 1432476
1432599 1432622
1433097 1433107
1433174 1433244
1433255 1433270
1433614 1433662
1434096 1434123
1434187 1434287
1434707 1434841
1434874 1434876
1435357 1435540
1435581 1435640
1435681 1435683
1435817 1435890
1436382 1436406
1436808 1436877
1436967 1437000
1437415 1437425
1437551 1437638
1437723 1437764
1437969 1437975
1438300 1438357
1438826 1438956
1439423 1439428
1439449 1439506
1439954 1440004
1440477 1440614
1440811 1440813
1441003 1441012
1441435 1441467
1441491 1441517
1441776 1441808
1442307 1442354
1442714 1442779
1442913 1442958
1443065 1443079
1443306 1443334
1443809 1443832
1443845 1443878
1443912 1443914
1444096 1444102
1444360 1444416
1444541 1444551
1444571 1444597
1444836 1444884
1445218 1445236
1445487 1445492
1445900 1445942
1446340 1446354
1446417 1446421
1446562 1446618
1446890 1446892
1447347 1447405
1447782 1447802
1448187 1448189
1448230 1448270
1448306 1448472
1448516 1448525
1448818 1448855
1449006 1449062
1449098 1449195
1449537 1449547
1450008 1450009
1450074 1450113
1450243 1450251
1450412 1450530
1451021 1451030
1451333 1451342
1451546 1451581
1452050 1452094
1452322 1452351
1452429 1452498
1452526 1452542
1452694 1452964
1453327 1453335
1453484 1453490
1453775 1453779
1453823 1453843
1454018 1454035
1454323 1454334
1454367 1454457
1454664 1454748
1455043 1455066
1455085 1455157
1455600 1455607
1456093 1456134
1456230 1456234
1456693 1456697
1456788 1456814
1457016 1457091
1457143 1457292
1457649 1457672
1457756 1457796
1458143 1458269
1458298 1458335
1458627 1458672
1458704 1458722
1459197 1459319
1459397 1459479
1459525 1459567
1459750 1459772
1459928 1459940
1460332 1460334
1460351 1460374
1460581 1460582
1461014 1461015
1461253 1461279
1461751 1461802
1462127 1462140
1462569 1462621
1462650 1462690
1462831 1462842
1463188 1463212
1463604 1463619
1463641 1463697
1464147 1464196
1464480 1464675
1464705 1464710
1464815 1464872
1465188 1465377
1465411 1465457
1465509 1465569
1465986 1466059
1466446 1466448
1466461 1466617
1467080 1467115
1467306 1467405
1467546 1467561
1467593 1467595
1467649 1467722
1467809 1467860
1468106 1468110
1468115 1468212
1468683 1468747
1469191 1469214
1469292 1469389
1469760 1469901
1470273 1470527
1470695 1470713
1470905 1470934
1471331 1471503
1471906 1472072
1472266 1472352
1472529 1472535
1472932 1473023
1473223 1473268
1473732 1473740
1474088 1474119
1474529 1474548
1474995 1475023
1475088 1475173
1475436 1475444
1475555 1475556
1475594 1475613
1476052 1476069
1476316 1476334
1476789 1476936
1477280 1477411
1477453 1477464
1477496 1477505
1477698 1477764
1478187 1478209
1478222 1478281
1478292 1478295
1478696 1478741
1479034 1479037
1479252 1479315
1479736 1479751
1479935 1479936
1480009 1480034
1480410 1480477
1480675 1480732
1481140 1481152
1481489 1481592
1482090 1482097
1482455 1482587
1482667 1482775
1483141 1483201
1483567 1483569
1483655 1483701
1484033 1484078
1484131 1484176
1484402 1484425
1484629 1484673
1485081 1485095
1485523 1485537
1485935 1485964
1486139 1486202
1486356 1486390
1486484 1486502
1486930 1487050
1487526 1487672
1488115 1488135
1488369 1488403
1488883 1488975
1489045 1489102
1489353 1489375
1489483 1489655
1489853 1489866
1490231 1490339
1490769 1490851
1491229 1491235
1491301 1491336
1491525 1491676
1491796 1491823
1492271 1492433
1492919 1493135
1493537 1493780
1493828 1493846
1494119 1494288
1494588 1494614
1494703 1494706
1494956 1494966
