439 539
976 1129
1393 1440
1732 1792
1870 2044
2191 2234
2258 2352
2472 2575
2825 2909
2962 3018
3498 3576
3990 4145
4593 4684
4843 4880
5270 5405
5710 5865
6124 6236
6260 6358
6731 6826
6960 7071
7096 7157
7258 7330
7512 7599
8073 8223
8707 8755
8922 8971
9326 9380
9728 9816
9857 9996
10495 10582
10923 11071
11233 11325
11588 11673
12159 12270
12525 12614
12629 12740
13184 13324
13559 13710
14108 14193
14666 14816
15194 15250
15394 15504
15677 15768
15856 16006
16457 16560
16670 16826
17253 17416
17545 17696
17933 18054
18542 18631
18709 18847
19056 19205
19544 19617
19702 19757
20063 20114
20533 20679
20729 20812
21153 21263
21747 21858
22220 22315
22697 22782
23076 23177
23655 23782
24181 24275
24561 24661
24867 24906
25358 25510
25739 25863
25977 26125
26331 26426
26898 26953
27222 27370
27684 27781
27822 27884
28204 28312
28677 28744
29033 29174
29397 29475
29871 30019
30175 30222
30455 30561
30685 30790
30880 30980
31202 31371
31418 31519
31871 31962
32226 32336
32707 32748
33098 33142
33461 33564
33671 33721
34089 34149
34512 34669
35149 35256
35385 35419
35638 35693
35722 35825
36204 36353
36752 36882
37131 37279
37733 37796
37974 38066
38546 38694
39140 39191
39630 39718
40087 40142
40173 40277
40345 40505
40664 40768
41013 41121
41268 41380
41643 41741
41940 42076
42565 42721
42942 43095
43308 43408
43522 43630
43736 43846
43989 44047
44467 44573
44593 44687
44807 44905
45091 45141
45347 45507
45756 45860
46285 46366
46617 46722
47112 47276
47598 47695
47809 47906
47908 48051
48475 48648
48869 49028
49192 49288
49321 49375
49847 49933
50090 50136
50197 50233
50692 50758
51127 51275
51298 51402
51842 51928
52202 52351
52815 52962
53334 53445
53909 54045
54070 54163
54308 54391
54715 54868
55195 55251
55727 55775
55984 56127
56576 56678
56977 57136
57480 57574
57856 57993
58156 58255
58321 58407
58508 58557
59034 59089
59509 59622
59764 59855
60197 60284
60580 60683
60702 60795
61017 61059
61276 61385
61487 61603
61944 61999
62290 62328
62385 62530
62999 63106
63231 63335
63550 63647
63869 63967
64092 64142
64314 64408
64905 64964
65430 65546
65995 66040
66228 66309
66349 66495
66724 66859
67326 67423
67815 67976
68412 68495
68914 68962
69338 69489
69591 69682
69865 69963
69980 70062
70146 70258
70338 70449
70725 70765
71217 71330
71554 71661
71688 71801
72154 72267
72585 72684
73137 73250
73261 73424
73734 73833
74297 74343
74456 74572
74865 74963
75363 75511
75823 75924
75951 75994
76093 76244
76452 76559
77024 77064
77094 77200
77544 77636
77656 77804
78148 78259
78509 78598
78936 78999
79024 79131
79197 79292
79616 79755
80221 80324
80605 80717
80942 81060
81110 81260
81658 81748
82242 82352
82692 82840
83212 83299
83483 83644
83839 83881
83894 83939
84089 84173
84517 84663
85015 85113
85343 85512
85558 85609
85900 86036
86335 86389
86546 86646
86648 86700
87010 87122
87353 87448
87866 88009
88168 88210
88329 88426
88547 88691
89166 89225
89404 89452
89927 90076
90304 90390
90455 90504
90995 91037
91396 91486
91966 92011
92358 92391
92524 92635
92826 92997
93149 93190
93223 93368
93596 93682
93971 94075
94121 94176
94270 94362
94410 94468
94946 95044
95268 95370
95509 95601
95776 95844
95983 96047
96070 96232
96399 96558
96595 96639
96899 97054
97291 97393
97788 97928
98013 98129
98483 98651
98894 98982
99402 99502
99651 99784
99865 99904
100288 100433
100711 100862
100868 100967
101236 101390
101694 101722
102013 102155
102524 102592
102795 102900
103334 103482
103501 103585
103788 103823
103912 103958
104105 104155
104167 104253
104551 104657
105053 105143
105525 105608
105985 106088
106503 106608
106668 106825
107231 107272
107329 107380
107395 107501
107647 107749
108217 108282
108289 108387
108530 108669
108857 108959
109004 109150
109528 109671
109988 110084
110314 110432
110694 110837
110894 110978
111351 111447
111779 111831
112004 112099
112331 112435
112757 112819
113209 113258
113351 113399
113844 113981
114211 114312
114712 114808
115045 115214
115681 115728
116227 116285
116544 116643
116716 116846
117201 117247
117291 117387
117885 117984
118025 118124
118526 118683
119124 119170
119442 119595
119914 120012
120124 120282
120688 120786
121057 121106
121518 121661
122024 122105
122170 122308
122412 122504
122595 122700
122811 122872
123265 123377
123766 123825
123857 123944
124246 124342
124366 124462
124951 125005
125234 125280
125503 125563
125647 125798
125981 126028
126087 126146
126512 126665
127031 127122
127142 127231
127423 127519
127560 127615
127840 127918
128369 128453
128826 128932
129024 129127
129329 129475
129550 129591
129663 129742
129863 129913
130129 130278
130697 130855
131091 131227
131674 131836
132133 132283
132562 132717
133137 133258
133537 133650
134147 134192
134670 134774
135122 135267
135607 135764
136027 136183
136308 136404
136612 136757
137222 137366
137648 137683
137946 138068
138084 138192
138576 138716
139209 139300
139797 139948
140113 140207
140268 140368
140844 140921
141178 141280
141539 141703
141931 142025
142510 142646
142752 142838
143142 143241
143474 143529
143746 143799
144223 144323
144637 144701
144772 144811
145009 145070
145283 145371
145665 145750
146029 146169
146435 146551
146990 147149
147390 147472
147819 147917
148279 148438
148496 148601
148898 149053
149218 149264
149697 149857
150159 150250
150426 150580
150900 150995
151257 151409
151765 151858
151999 152098
152251 152350
152628 152680
153022 153118
153480 153542
153635 153672
154137 154250
154371 154459
154789 154926
155409 155520
155670 155706
156136 156282
156697 156866
157251 157346
157608 157714
157992 158144
158290 158433
158709 158769
158834 158884
159259 159355
159446 159527
159589 159699
159953 160058
160146 160257
160638 160702
161074 161121
161174 161275
161638 161735
162100 162196
162462 162599
162607 162708
162815 162864
163235 163343
163692 163793
164118 164226
164229 164340
164511 164606
164616 164718
165161 165293
165492 165583
165887 166012
166358 166463
166503 166533
166965 167057
167491 167603
167923 168078
168455 168569
168596 168654
168953 169054
169369 169432
169496 169636
169853 169923
170243 170384
170862 170973
171276 171326
171493 171647
171900 171949
172430 172586
173066 173207
173388 173479
173792 173874
174004 174096
174468 174586
174981 175062
175383 175486
175732 175773
176101 176191
176688 176746
176755 176862
176886 176992
177248 177274
177612 177705
177988 178081
178092 178236
178672 178772
179081 179169
179273 179366
179645 179687
179743 179802
180285 180341
180645 180697
181025 181165
181554 181648
181800 181876
182373 182413
182741 182790
183219 183265
183425 183525
183929 184079
184100 184152
184359 184466
184798 184897
184940 185101
185329 185420
185904 186049
186404 186510
186824 186964
187356 187403
187430 187524
187640 187671
188062 188167
188244 188341
188766 188878
189029 189091
189240 189291
189561 189666
190161 190261
190631 190710
190885 190987
191259 191360
191706 191767
191809 191914
192057 192207
192678 192775
192816 192912
193384 193418
193551 193647
194052 194196
194223 194386
194702 194761
194875 195037
195489 195592
195708 195798
195857 195917
196400 196534
196570 196624
196654 196707
196859 196945
197269 197331
197370 197455
197882 197975
198238 198338
198461 198566
198655 198758
198963 199059
199549 199661
199698 199814
200006 200147
200588 200700
200846 200957
201443 201537
201959 202117
202337 202442
202605 202710
202933 203060
203437 203542
203837 203880
203965 204070
204373 204527
204834 204903
205216 205284
205599 205639
206133 206275
206597 206746
207115 207226
207524 207611
207922 207962
208065 208176
208246 208357
208362 208465
208652 208811
209118 209281
209436 209511
209829 209935
210074 210169
210386 210505
210528 210640
210864 210921
210923 211009
211251 211397
211574 211684
211923 212037
212076 212169
212661 212763
213101 213258
213455 213506
213547 213637
213888 213984
214068 214127
214352 214401
214782 214936
215303 215409
215494 215544
216030 216122
216299 216404
216513 216665
216694 216797
216831 216964
217304 217350
217847 217998
218155 218267
218535 218690
218790 218896
219231 219266
219473 219512
219523 219628
220096 220146
220417 220473
220731 220774
220800 220882
221301 221450
221506 221648
221901 222009
222377 222473
222804 222896
223133 223221
223447 223484
223642 223676
223775 223866
224152 224267
224330 224423
224761 224795
225218 225325
225345 225415
225569 225621
225992 226096
226099 226197
226470 226562
226921 227085
227546 227649
228032 228175
228555 228719
228879 228935
228967 229020
229414 229521
229703 229811
230081 230122
230220 230265
230301 230441
230876 231027
231291 231428
231584 231651
232065 232212
232537 232649
232714 232868
233104 233135
233536 233635
234011 234065
234207 234319
234687 234742
235186 235257
235364 235404
235426 235560
235840 235983
236122 236218
236365 236491
236748 236860
237008 237154
237501 237657
237683 237771
237778 237894
237952 238046
238069 238212
238444 238553
238967 239064
239293 239346
239485 239637
239638 239742
240219 240313
240741 240841
241022 241072
241224 241379
241439 241527
241916 242064
242073 242131
242211 242329
242351 242457
242746 242802
242910 243049
243508 243618
243919 244011
244069 244216
244568 244665
245137 245183
245636 245741
246072 246218
246622 246677
247097 247194
247324 247375
247378 247521
247636 247756
247945 248049
248285 248335
248635 248694
249135 249233
249456 249509
249895 249999
250003 250101
250316 250464
250742 250833
250880 250994
251229 251344
251438 251541
251764 251816
252307 252367
252623 252715
252835 252947
253077 253128
253147 253253
253670 253792
253799 253849
254117 254201
254486 254565
254973 255133
255616 255680
256138 256298
256541 256677
256927 256967
257248 257392
257616 257722
257855 257998
258097 258195
258620 258773
259216 259304
259574 259686
259756 259872
259963 260064
260484 260574
260776 260821
260827 260885
261131 261239
261397 261554
261853 261925
262055 262108
262460 262614
262928 263073
263370 263427
263689 263786
263814 263970
264193 264288
264749 264903
264915 265020
265158 265252
265499 265641
266002 266140
266493 266593
266846 266934
267389 267531
267930 267968
268256 268292
268528 268613
268838 268922
269308 269390
269687 269841
270179 270217
270387 270447
270502 270605
270881 270919
271415 271501
271941 272038
272088 272132
272326 272419
272548 272671
272908 273010
273116 273167
273647 273808
274042 274098
274226 274375
274419 274511
274905 275000
275323 275364
275679 275825
276047 276147
276592 276629
276907 277049
277062 277171
277398 277551
278008 278159
278368 278463
278729 278840
278995 279084
279533 279683
279935 280071
280374 280485
280854 280957
281016 281154
281624 281717
282204 282344
282612 282761
282833 282925
282948 283042
283141 283197
283405 283507
283555 283713
284151 284191
284274 284353
284411 284509
284924 285073
285086 285248
285314 285362
285792 285888
286038 286193
286418 286510
286565 286652
286830 286981
287288 287376
287602 287695
288064 288113
288167 288267
288448 288502
288508 288605
288674 288762
289139 289279
289481 289567
289576 289608
289618 289705
289765 289805
290278 290431
290447 290561
290758 290864
291050 291163
291220 291370
291630 291769
292204 292342
292374 292427
292878 292916
293198 293307
293417 293528
293945 293996
294246 294338
294469 294618
294672 294791
295222 295316
295805 295898
295974 296024
296074 296170
296265 296405
296723 296824
296864 296919
297012 297169
297214 297301
297630 297742
297802 297876
298171 298288
298575 298671
299020 299127
299408 299512
299947 300040
300349 300445
300920 301018
301218 301318
301537 301623
301799 301865
301906 301953
302290 302395
302484 302596
302641 302753
302886 302936
303254 303407
303670 303803
303829 303928
304189 304282
304342 304427
304780 304932
305025 305175
305257 305354
305543 305643
305873 305903
305907 305976
306203 306350
306694 306797
307167 307266
307414 307509
307765 307924
308001 308095
308167 308315
308355 308491
308647 308807
309128 309232
309537 309642
309997 310040
310466 310579
311021 311183
311484 311581
311849 311999
312439 312587
313049 313151
313474 313571
313595 313688
313755 313893
313899 314050
314266 314296
314425 314523
314955 315056
315334 315380
315437 315597
315672 315775
315852 315963
316404 316564
316871 317029
317465 317517
317853 317997
318283 318395
318490 318599
319010 319066
319503 319639
320049 320146
320536 320592
320891 320941
321427 321532
321653 321709
322064 322228
322686 322829
322865 322919
323349 323401
323591 323745
323938 324051
324548 324654
324902 324987
325119 325223
325695 325791
326273 326334
326595 326689
326760 326910
327046 327137
327371 327518
327943 328038
328231 328318
328359 328405
328421 328553
328830 328971
329296 329394
329479 329581
329765 329808
329944 330029
330417 330524
330946 330997
331195 331284
331746 331832
332201 332299
332542 332587
332632 332779
332846 332885
333350 333505
333535 333636
333720 333774
334150 334255
334551 334695
334795 334963
335164 335315
335472 335526
335786 335933
336062 336155
336512 336603
336887 336970
337005 337113
337301 337336
337786 337826
338243 338396
338789 338875
339321 339374
339512 339659
339882 339908
339921 339984
340062 340109
340203 340251
340513 340619
340684 340832
341073 341232
341463 341574
342007 342105
342489 342589
342883 342928
343268 343354
343679 343750
343997 344147
344611 344672
344699 344834
344865 344960
345416 345563
345675 345772
346123 346235
346648 346797
347059 347160
347560 347702
348090 348197
348364 348532
348924 349028
349248 349385
349683 349713
350011 350064
350477 350564
350979 351028
351323 351375
351646 351751
351923 352082
352184 352233
352562 352665
353162 353251
353655 353752
353818 353921
354190 354286
354594 354643
354963 355022
355083 355214
355534 355642
356097 356256
356300 356444
356867 356956
357246 357291
357400 357542
357986 358120
358404 358520
358720 358869
359299 359453
359509 359608
359623 359717
359839 359925
360176 360332
360428 360490
360584 360689
361076 361185
361284 361357
361650 361751
362203 362304
362426 362535
362911 363009
363286 363334
363354 363439
363493 363596
363887 363995
364390 364494
364852 364895
364950 365048
365456 365504
365647 365697
366161 366219
366492 366599
366764 366922
367014 367108
367187 367292
367668 367806
367878 367970
368049 368198
368480 368590
369021 369061
369190 369236
369735 369821
369839 369929
370357 370458
370763 370808
370876 370925
371147 371185
371344 371434
371523 371617
371650 371753
371883 371978
372174 372283
372537 372685
373112 373181
373201 373303
373708 373802
374122 374228
374470 374608
374992 375119
375358 375436
375821 375888
375922 375973
376458 376556
376878 376934
377430 377597
377800 377909
378271 378312
378536 378681
378792 378937
379237 379333
379595 379739
380117 380207
380288 380442
380620 380753
380911 381005
381329 381423
381537 381641
381758 381901
382242 382313
382753 382846
383270 383429
383871 383936
384007 384064
384122 384274
384390 384435
384451 384497
384709 384853
384859 384916
384978 385143
385625 385773
386010 386062
386086 386175
386185 386283
386465 386562
386981 387091
387477 387577
387781 387937
388256 388345
388700 388750
389181 389285
389381 389523
389788 389913
390267 390308
390775 390923
391229 391369
391767 391864
392246 392313
392537 392698
392724 392888
393253 393358
393799 393910
394156 394314
394655 394698
395061 395156
395491 395584
395591 395752
395986 396099
396394 396544
396660 396789
396947 397046
397440 397495
397661 397766
397943 398046
398449 398523
398647 398739
399100 399145
399249 399384
399806 399950
400419 400466
400765 400898
401152 401187
401433 401543
401939 402027
402345 402408
402650 402747
402936 402974
403144 403245
403337 403497
403774 403887
404140 404234
404391 404540
404961 405108
405468 405582
405623 405779
406226 406321
406727 406824
407152 407252
407508 407578
407813 407865
408111 408215
408388 408440
408774 408874
409060 409175
409518 409612
409896 409987
410136 410289
410633 410741
410861 410961
411268 411369
411396 411452
411814 411915
411992 412101
412274 412374
412768 412865
412909 413073
413494 413596
413803 413903
414291 414324
414611 414705
415097 415220
415399 415498
415632 415724
416140 416204
416211 416345
416733 416834
417083 417174
417366 417507
417865 417962
418223 418376
418495 418554
418572 418679
419102 419227
419683 419762
419863 419930
420359 420400
420653 420774
421151 421251
421483 421584
422033 422128
422444 422483
422490 422544
422600 422697
423033 423183
423201 423366
423699 423836
424138 424191
424549 424702
424977 425071
425324 425405
425504 425639
425668 425819
426289 426387
426640 426731
426940 427032
427212 427363
427621 427789
427947 428066
428493 428552
428859 428953
429427 429527
429576 429723
430186 430284
430644 430746
431174 431276
431367 431471
431654 431766
432082 432182
432531 432622
432732 432841
432874 433027
433513 433636
433758 433896
434025 434125
434349 434459
434833 434895
435347 435456
435466 435559
435869 435915
435930 436023
436037 436140
436346 436501
436804 436904
437001 437102
437338 437393
437771 437815
437872 437966
438256 438317
438465 438626
438920 439087
439399 439542
439810 439915
440237 440407
440820 440980
441352 441462
441495 441584
441645 441705
441727 441766
441800 441890
442221 442351
442365 442503
442677 442779
442917 443010
443111 443209
443640 443755
443812 443923
444008 444097
444563 444605
444983 445093
445229 445375
445764 445804
446116 446225
446399 446538
446914 447061
447458 447559
447569 447674
448098 448194
448470 448519
448890 448910
449358 449507
449852 449906
450239 450331
450568 450612
450875 450993
451003 451097
451483 451528
451778 451910
452065 452108
452469 452626
453059 453190
453578 453642
453801 453876
454011 454170
454588 454635
454837 454959
455265 455370
455469 455580
455601 455710
455880 456027
456394 456488
456531 456683
456949 457076
457426 457576
457865 457911
457992 458098
458556 458658
458971 459126
459284 459392
459880 459936
460424 460469
460610 460713
460730 460802
460849 460889
461050 461106
461258 461386
461634 461721
461783 461935
462055 462148
462158 462252
462749 462832
462912 462957
463158 463299
463377 463480
463574 463622
464094 464251
464657 464762
465018 465148
465156 465209
465380 465426
465442 465508
465877 466032
466496 466629
466728 466873
466886 466984
467000 467023
467335 467480
467612 467653
467883 468025
468431 468477
468905 469001
469156 469299
469413 469503
469789 469964
470112 470211
470525 470628
470672 470738
470828 470947
471018 471133
471613 471760
472138 472240
472698 472845
473231 473276
473456 473619
473828 473919
473972 474040
474136 474201
474502 474655
475064 475120
475256 475299
475621 475732
476045 476165
476285 476372
476402 476569
476588 476724
477087 477194
477643 477736
477866 477942
478357 478461
478655 478709
478957 479110
479309 479378
479657 479755
480054 480187
480593 480738
480984 481076
481271 481330
481604 481722
481936 482040
482445 482500
482550 482673
482810 482858
483303 483446
483604 483740
483993 484105
484517 484625
484697 484847
484909 485007
485396 485506
485610 485710
486199 486367
486495 486616
487102 487201
487321 487457
487893 487954
488362 488459
488941 489044
489123 489280
489464 489572
489921 490003
490366 490456
490827 490979
491047 491149
491607 491702
491925 492062
492391 492450
492620 492672
492752 492853
493109 493195
493403 493462
493482 493530
493882 493950
494032 494098
494476 494519
494697 494809
494897 494946
495364 495427
495535 495624
496056 496152
496263 496359
496783 496948
496996 497154
497227 497363
497652 497747
497991 498149
498359 498461
498517 498662
498836 498987
499082 499214
499513 499589
499907 500002
500148 500298
500745 500905
501053 501134
501611 501674
501793 501847
502089 502180
502207 502363
502686 502775
503134 503248
503703 503818
504127 504169
504441 504567
504857 504942
505134 505182
505200 505317
505608 505699
505715 505849
505864 505959
506185 506275
506713 506814
507220 507259
507541 507583
507783 507889
508049 508103
508403 508432
508445 508598
509072 509183
509391 509435
509781 509929
510157 510259
510280 510434
510801 510887
511204 511271
511369 511406
511464 511602
511769 511872
512011 512161
512327 512420
512516 512624
512822 512968
513266 513426
513546 513643
513737 513792
513935 514021
514506 514656
514722 514873
514979 515090
515469 515527
515528 515587
515812 515854
515946 516005
516344 516441
516808 516853
517051 517149
517456 517496
517590 517701
518159 518266
518376 518452
518746 518836
519026 519186
519558 519705
520149 520300
520554 520610
520914 520982
521436 521587
521895 522005
522187 522272
522585 522738
523089 523167
523339 523480
523484 523619
523704 523816
524260 524346
524741 524835
524958 525061
525088 525137
525448 525594
525872 525930
526219 526328
526732 526890
527227 527366
527818 527983
528121 528209
528284 528429
528430 528587
528643 528729
528917 529031
529106 529160
529471 529578
530077 530178
530507 530607
530647 530752
530800 530955
531058 531123
531350 531461
531754 531852
532066 532167
532380 532495
532805 532900
532983 533086
533542 533656
533735 533885
533987 534092
534098 534200
534642 534755
535181 535320
535528 535634
536077 536244
536569 536671
536876 536929
536977 537124
537254 537409
537602 537704
537948 538054
538355 538391
538642 538679
538834 538929
539054 539204
539310 539434
539605 539762
540197 540311
540772 540883
541189 541300
541695 541743
542079 542131
542325 542478
542837 542907
543021 543175
543358 543413
543436 543554
543689 543778
544141 544296
544650 544765
544855 544956
545075 545177
545668 545765
545983 546117
546525 546680
546959 547013
547053 547157
547527 547667
547995 548094
548138 548246
548475 548568
548937 549092
549575 549636
549968 550017
550351 550458
550712 550745
550890 550983
551020 551108
551227 551331
551664 551767
551928 551963
552353 552465
552801 552897
553013 553126
553537 553640
553820 553906
554324 554361
554695 554749
554855 554962
555261 555362
555636 555792
555803 555940
556061 556157
556562 556656
556977 557041
557345 557439
557637 557735
558227 558339
558500 558593
558793 558845
559160 559209
559501 559541
559875 559928
560064 560174
560455 560496
560947 560989
561282 561373
561720 561820
561863 561959
562415 562482
562861 562926
563338 563444
563794 563951
564399 564506
564541 564592
564737 564789
564939 565036
565147 565277
565414 565459
565631 565784
565979 566064
566521 566655
567000 567156
567205 567300
567555 567655
568100 568263
568711 568812
569055 569219
569503 569629
569997 570081
570298 570353
570626 570675
570882 571045
571474 571570
571911 572008
572180 572320
572690 572796
573003 573108
573114 573252
573586 573638
573683 573782
573854 573898
574368 574527
574837 575003
575210 575255
575642 575682
576124 576219
576711 576798
577070 577132
577512 577618
578096 578192
578216 578362
578812 578858
579129 579270
579565 579614
579752 579807
580286 580335
580542 580654
581144 581279
581542 581638
581877 581967
582333 582437
582466 582635
583017 583156
583398 583513
583556 583652
584028 584176
584413 584457
584901 584992
585242 585341
585587 585731
585989 586078
586455 586545
587024 587169
587370 587498
587828 587924
587964 588098
588435 588525
588777 588931
589384 589492
589770 589821
590073 590170
590238 590322
590780 590823
591213 591321
591735 591880
591931 592012
592403 592504
592953 593053
593337 593446
593599 593741
593924 594027
594102 594196
594593 594678
595029 595126
595355 595394
595586 595724
595792 595900
596128 596231
596557 596645
597048 597091
597412 597498
597558 597633
597758 597865
598110 598162
598565 598669
598974 599017
599373 599480
599593 599676
599937 600043
600138 600190
600626 600682
600968 601018
601230 601360
601426 601573
601877 601973
602042 602143
602353 602452
602806 602949
603040 603133
603604 603719
604063 604158
604523 604684
605067 605166
605318 605469
605958 606056
606343 606463
606609 606715
606948 607008
607430 607536
608032 608118
608354 608446
608496 608586
608979 609045
609296 609403
609896 610046
610415 610521
610602 610699
611102 611244
611293 611399
611701 611843
612017 612105
612347 612497
612882 612984
613213 613317
613508 613611
614028 614177
614634 614758
614946 615093
615177 615214
615221 615326
615708 615801
616100 616247
616378 616523
616582 616727
617084 617196
617527 617626
617700 617789
617944 618098
618396 618515
618550 618649
618734 618796
619129 619172
619182 619217
619715 619868
620035 620137
620274 620320
620726 620869
621366 621471
621890 621994
622015 622050
622545 622648
623127 623218
623247 623346
623602 623710
623974 624067
624381 624521
624668 624786
625207 625284
625301 625409
625697 625853
626070 626170
626294 626377
626476 626574
627020 627102
627359 627511
627719 627823
628143 628255
628332 628473
628888 629034
629251 629295
629527 629680
630080 630228
630296 630406
630629 630733
630820 630918
631043 631099
631520 631562
631915 632079
632366 632457
632616 632785
633173 633283
633413 633558
633982 634076
634232 634389
634593 634746
634818 634956
635390 635504
635851 635992
636322 636473
636742 636796
637155 637216
637300 637362
637571 637716
637724 637816
638274 638328
638818 638903
639357 639512
639785 639888
640056 640193
640222 640357
640415 640471
640837 640944
641274 641374
641580 641617
642081 642186
642644 642808
642855 642953
643253 643347
643837 643935
644059 644166
644365 644501
644964 645072
645411 645496
645972 646055
646317 646411
646585 646625
646938 646997
647261 647355
647486 647601
647973 648060
648123 648277
648516 648621
648915 649008
649365 649511
649798 649905
650118 650224
650720 650822
650935 651022
651335 651425
651788 651887
651935 652023
652102 652226
652708 652874
653190 653339
653450 653512
653859 653901
654269 654378
654742 654792
655006 655048
655188 655294
655751 655889
656264 656316
656565 656676
656881 656984
657019 657175
657478 657622
657927 657981
658063 658167
658553 658660
659159 659280
659675 659779
660222 660321
660720 660839
661001 661098
661118 661206
661509 661544
661835 661935
662075 662233
662620 662670
662728 662807
662889 662947
663348 663487
663877 663972
664153 664270
664332 664434
664590 664674
664956 665061
665249 665286
665387 665487
665845 665954
666087 666236
666357 666501
666904 667014
667237 667294
667370 667473
667491 667594
667904 667997
668061 668169
668401 668514
668559 668664
668785 668833
669066 669216
669687 669782
669900 669940
670015 670103
670395 670553
670679 670766
671139 671260
671317 671462
671550 671695
672020 672110
672357 672400
672795 672892
673011 673115
673541 673597
674075 674131
674212 674323
674773 674919
674982 675067
675412 675512
675897 676066
676486 676578
676784 676945
677379 677480
677610 677746
678164 678258
678650 678793
679254 679423
679642 679742
680052 680128
680307 680419
680570 680678
681121 681156
681595 681702
681755 681823
682176 682265
682588 682655
682661 682798
682823 682908
683391 683501
683644 683735
684217 684270
684702 684736
684771 684871
685283 685385
685736 685893
685979 686070
686226 686318
686806 686843
686941 687100
687461 687598
687685 687732
687958 688002
688412 688579
688697 688751
689248 689345
689600 689717
689883 689998
690320 690411
690711 690819
690852 690979
691252 691405
691667 691773
692272 692369
692515 692660
692960 693053
693177 693264
693746 693855
693928 694040
694506 694607
694767 694834
695217 695338
695664 695763
696183 696216
696641 696789
696992 697068
697517 697563
697814 697959
698250 698345
698415 698470
698964 699049
699107 699249
699540 699583
699906 699976
700023 700130
700339 700472
700788 700830
701122 701230
701522 701577
701909 701952
702415 702513
702629 702679
702839 702880
702938 703083
703428 703486
703594 703696
703987 704105
704390 704562
704702 704843
705220 705314
705483 705588
705796 705843
705957 706063
706426 706581
707029 707077
707146 707238
707329 707444
707870 708005
708383 708541
708823 708889
709235 709326
709689 709789
710284 710335
710435 710572
710633 710694
711123 711233
711367 711522
711962 712083
712519 712617
712735 712903
712938 713027
713204 713362
713716 713816
714252 714299
714697 714807
714935 714961
714997 715089
715367 715459
715808 715973
716186 716291
716604 716656
716749 716852
716897 717003
717131 717256
717675 717775
718139 718295
718561 718612
718929 719020
719290 719392
719565 719690
719778 719877
720287 720337
720774 720937
721071 721174
721391 721530
721621 721717
722148 722306
722478 722539
722812 722871
723030 723084
723254 723348
723831 723933
723938 724044
724115 724219
724563 724627
724634 724785
725024 725132
725302 725444
725506 725618
725876 725901
725988 726029
726278 726364
726803 726965
727215 727298
727748 727805
728003 728119
728419 728456
728506 728588
728762 728913
729160 729217
729408 729511
729585 729680
730102 730178
730425 730535
730921 730957
731303 731412
731484 731592
731642 731705
732066 732221
732285 732450
732537 732671
732784 732858
733267 733324
733376 733436
733710 733855
734074 734133
734438 734518
734935 734969
735401 735496
735875 735899
736021 736113
736247 736289
736719 736802
737195 737244
737567 737626
738036 738129
738495 738565
738971 739106
739550 739593
740049 740104
740315 740474
740699 740852
741032 741076
741345 741455
741835 741878
742058 742154
742289 742437
742710 742869
743277 743383
743778 743933
743965 744081
744424 744564
744938 745050
745291 745429
745893 745995
746290 746438
746555 746666
746753 746864
746986 747027
747193 747346
747695 747781
747830 747884
748366 748456
748536 748692
748986 749092
749139 749193
749480 749619
749692 749795
749936 750036
750194 750295
750454 750596
750662 750799
751148 751259
751401 751544
751702 751757
752152 752267
752273 752436
752439 752528
752867 752965
753181 753329
753394 753494
753642 753796
753874 753958
754378 754426
754770 754883
755103 755152
755188 755337
755588 755729
756172 756285
756640 756785
757030 757073
757148 757201
757317 757422
757450 757548
757971 758026
758072 758164
758423 758513
759000 759154
759398 759486
759502 759605
760031 760161
760573 760681
761124 761210
761289 761442
761586 761725
761947 762046
762427 762471
762642 762686
762832 762986
763139 763182
763284 763424
763438 763526
763977 764072
764488 764654
764918 765052
765360 765518
765546 765661
765730 765828
766188 766221
766334 766429
766525 766692
767070 767121
767268 767363
767679 767825
768315 768404
768713 768814
769062 769152
769585 769691
769967 770068
770124 770235
770478 770565
770709 770864
771096 771158
771219 771312
771781 771875
771936 772046
772115 772161
772251 772290
772376 772489
772916 773030
773383 773500
773502 773612
773776 773863
774104 774193
774394 774555
774785 774884
775113 775264
775578 775664
775793 775838
776101 776188
776497 776648
776836 776986
777411 777442
777841 777966
778215 778306
778416 778504
778859 778900
779351 779499
779702 779798
780278 780326
780569 780680
781044 781145
781333 781483
781703 781856
781956 782001
782330 782445
782663 782812
783213 783382
783417 783566
783960 784071
784208 784241
784334 784422
784756 784936
785432 785498
785937 786041
786163 786334
786643 786688
786995 787096
787575 787723
788114 788230
788640 788734
789196 789267
789518 789604
790028 790117
790396 790445
790573 790726
790768 790817
791058 791096
791521 791662
791995 792102
792199 792339
792700 792738
792996 793136
793436 793550
793584 793672
793707 793847
793930 793982
794310 794404
794448 794488
794523 794666
795101 795162
795657 795712
795876 795927
796252 796322
796709 796765
796925 797020
797302 797402
797613 797708
797858 798006
798386 798535
798630 798690
799144 799294
799300 799458
799912 800007
800106 800262
800334 800490
800575 800615
800908 801000
801133 801287
801642 801747
801874 801970
802215 802297
802354 802408
802740 802858
802997 803131
803240 803343
803661 803809
804217 804303
804730 804840
805053 805135
805634 805692
806019 806070
806513 806608
806777 806881
807174 807309
807769 807806
808150 808295
808529 808571
808854 808957
809309 809466
809586 809625
809929 810021
810161 810260
810736 810786
810966 811078
811127 811237
811511 811560
811659 811710
811834 811977
812054 812154
812391 812489
812790 812881
812916 813032
813227 813309
813566 813605
813690 813758
814209 814309
814372 814467
814488 814625
814682 814724
814726 814804
815135 815286
815381 815444
815773 815926
816416 816469
816905 816993
817024 817164
817173 817301
817470 817560
817934 818050
818382 818498
818963 819103
819333 819388
819732 819793
820029 820131
820288 820341
820455 820542
820627 820706
821137 821222
821271 821337
821663 821813
822232 822345
822773 822926
823095 823195
823306 823413
823627 823728
824037 824146
824240 824408
824833 824933
825102 825187
825283 825389
825692 825812
826001 826056
826342 826442
826504 826608
827057 827161
827402 827500
827690 827782
827851 827956
828408 828523
828979 829068
829468 829627
829711 829815
830180 830292
830707 830800
830915 831030
831292 831338
831423 831585
831785 831880
832260 832368
832657 832781
832801 832903
833168 833260
833690 833801
834124 834203
834523 834573
835040 835145
835279 835365
835472 835580
836010 836166
836626 836723
836754 836858
837053 837149
837344 837396
837507 837564
837579 837626
837806 837913
838394 838552
838988 839084
839395 839509
839773 839861
839979 840027
840445 840504
840838 840949
841010 841057
841449 841539
841556 841617
841874 841977
842197 842364
842520 842636
842675 842729
843180 843344
843775 843875
843996 844158
844497 844548
844651 844800
845062 845155
845232 845342
845574 845631
845717 845822
846179 846264
846368 846537
846799 846900
847061 847226
847491 847630
847640 847745
847902 847983
848176 848210
848573 848666
848729 848778
849224 849370
849806 849919
850241 850337
850488 850642
850773 850821
851286 851439
851858 851978
852250 852405
852773 852883
853351 853398
853765 853927
854059 854111
854386 854433
854627 854734
855211 855310
855629 855790
856063 856113
856460 856608
856991 857146
857551 857655
857795 857852
857969 858076
858193 858234
858416 858483
858900 858993
859321 859411
859905 860005
860353 860404
860767 860863
861317 861413
861830 861916
862266 862355
862645 862788
862834 862935
863408 863496
863735 863812
864119 864210
864585 864649
864851 864910
864977 865084
865141 865248
865264 865423
865766 865887
865956 866060
866184 866227
866434 866475
866507 866548
867046 867172
867537 867629
867824 867946
868036 868083
868576 868670
868934 869095
869583 869671
869861 869925
870157 870242
870255 870408
870868 870961
871368 871525
871786 871835
872049 872154
872185 872271
872514 872629
872842 872938
873317 873358
873626 873744
874200 874258
874693 874780
875061 875216
875439 875551
876020 876069
876466 876500
876564 876678
876726 876874
877318 877472
877808 877926
878082 878240
878669 878760
878799 878863
878884 879023
879401 879551
879821 879990
880173 880294
880467 880555
880623 880725
880937 881044
881122 881151
881429 881539
881702 881816
881915 882008
882174 882288
882426 882526
882722 882874
883316 883409
883607 883710
883994 884052
884334 884426
884679 884725
885108 885206
885534 885640
886120 886237
886243 886290
886702 886797
887060 887147
887454 887546
887751 887836
888053 888146
888333 888391
888725 888842
889124 889265
889486 889600
889897 890005
890444 890548
890721 890812
890922 890976
891449 891510
891660 891704
891863 891955
892308 892483
892873 892990
893356 893508
893599 893765
894214 894254
894574 894671
894944 895031
895290 895388
895482 895540
895653 895706
896051 896104
896307 896412
896604 896640
896891 897051
897219 897260
897501 897646
897835 897887
898110 898266
898323 898438
898882 898980
899358 899499
899782 899894
899909 900020
900289 900324
900810 900858
901280 901342
901678 901729
902060 902107
902240 902389
902457 902552
902942 903103
903456 903551
903594 903695
903996 904080
904331 904476
904528 904629
904637 904793
905160 905325
905441 905546
905896 906052
906174 906282
906548 906697
906967 907074
907518 907618
907985 908073
908105 908249
908466 908526
908539 908700
909032 909185
909633 909734
909907 909995
910364 910498
910813 910917
911112 911151
911486 911577
911939 912025
912522 912576
912890 912927
912990 913126
913521 913607
913845 913996
914199 914342
914623 914775
914846 914884
915061 915216
915227 915310
915743 915903
916073 916171
916591 916681
916969 917072
917541 917583
917971 918078
918446 918489
918746 918840
919040 919192
919203 919352
919425 919539
919949 920043
920517 920617
920708 920857
921329 921477
921848 921939
922315 922417
922549 922640
922661 922768
923258 923399
923711 923805
924062 924232
924305 924457
924868 925016
925493 925588
925761 925859
925868 925966
925998 926114
926511 926671
926697 926743
926851 926899
927041 927131
927610 927674
928012 928053
928362 928427
928887 928940
929020 929118
929476 929618
929632 929784
930219 930351
930433 930530
930933 931021
931110 931208
931234 931278
931506 931552
931931 932040
932384 932487
932641 932777
933075 933187
933543 933655
933908 934014
934411 934474
934953 935000
935148 935252
935504 935578
935600 935699
936187 936339
936649 936726
936744 936839
936953 937003
937169 937304
937463 937515
937555 937694
938128 938243
938698 938751
938784 938904
939124 939231
939637 939745
939855 939940
940278 940383
940428 940518
940739 940835
941330 941443
941557 941681
941735 941871
942149 942191
942335 942432
942891 943002
943055 943152
943476 943579
943649 943817
943847 943903
944058 944188
944307 944416
944427 944533
944722 944816
945303 945451
945838 945893
946208 946317
946794 946897
947261 947353
947569 947667
947834 947976
948372 948523
948634 948773
948979 949075
949360 949469
949702 949755
949766 949870
950167 950255
950460 950550
950755 950852
950887 950991
951322 951424
951517 951569
952029 952137
952583 952631
952872 953009
953188 953238
953515 953626
954111 954216
954351 954397
954507 954659
954797 954935
955064 955148
955231 955377
955712 955816
956277 956390
956634 956733
956943 957105
957493 957592
957722 957903
958315 958404
958682 958796
959124 959179
959370 959469
959504 959608
960019 960157
960618 960707
960795 960893
961355 961490
961573 961679
961926 962073
962488 962516
962988 963034
963097 963202
963409 963525
963959 964096
964418 964554
964773 964856
965132 965263
965426 965561
965647 965734
965828 965930
966047 966157
966584 966697
966955 967120
967558 967653
967834 967985
968439 968544
969013 969166
969433 969526
969924 970012
970184 970281
970568 970666
971049 971150
971320 971454
971709 971811
972300 972399
972540 972649
972857 972992
973050 973094
973402 973500
973632 973720
974057 974112
974412 974500
974652 974760
974923 975007
975126 975186
975450 975566
975662 975772
976063 976140
976628 976767
977137 977184
977270 977411
977726 977886
978301 978448
978525 978570
978944 979031
979079 979254
979487 979540
979988 980089
980156 980305
980468 980605
980838 980948
981281 981325
981654 981758
981925 982078
982277 982427
982753 982866
983235 983331
983555 983619
984059 984167
984501 984605
984785 984885
985264 985315
985527 985564
986010 986051
986422 986481
986948 987092
987394 987495
987678 987781
987785 987895
988064 988175
988456 988558
988657 988701
989053 989118
989539 989699
990089 990150
990480 990520
990587 990620
991006 991117
991146 991236
991383 991478
991597 991739
991894 992003
992461 992585
992932 992980
993069 993168
993261 993360
993754 993857
994150 994303
994595 994744
995074 995176
995368 995472
995648 995769
996189 996250
996648 996747
997180 997280
997578 997735
998219 998320
998768 998899
999193 999297
999737 999840
999853 999990
1000350 1000465
1000622 1000771
1000966 1001120
1001263 1001404
1001622 1001739
1001931 1002035
1002516 1002590
1002633 1002752
1003136 1003184
1003597 1003709
1004109 1004155
1004415 1004574
1004888 1004976
1005080 1005181
1005555 1005599
1005879 1005978
1006081 1006118
1006367 1006422
1006854 1006951
1007426 1007527
1007889 1007928
1008225 1008393
1008711 1008770
1008990 1009139
1009548 1009647
1009790 1009828
1010118 1010268
1010739 1010848
1011167 1011272
1011617 1011702
1012023 1012087
1012294 1012384
1012725 1012813
1013238 1013276
1013597 1013691
1013970 1014082
1014184 1014321
1014720 1014770
1015054 1015150
1015449 1015599
1015917 1016018
1016171 1016224
1016424 1016518
1016618 1016708
1016894 1017047
1017300 1017414
1017764 1017874
1018117 1018234
1018356 1018524
1018550 1018656
1018780 1018881
1018965 1019114
1019570 1019694
1020121 1020221
1020520 1020599
1020921 1020968
1021343 1021446
1021526 1021670
1021740 1021795
1021846 1022005
1022307 1022405
1022656 1022755
1022804 1022844
1022990 1023101
1023578 1023683
1024145 1024293
1024601 1024705
1025030 1025118
1025400 1025531
1025725 1025776
1026036 1026091
1026444 1026606
1026919 1027078
1027156 1027238
1027476 1027535
1027764 1027863
1028357 1028458
1028922 1029044
1029465 1029605
1029892 1030031
1030115 1030269
1030756 1030857
1030875 1030922
1031027 1031154
1031544 1031691
1031997 1032051
1032547 1032653
1032904 1033002
1033054 1033128
1033258 1033306
1033351 1033388
1033414 1033481
1033724 1033870
1034206 1034351
1034557 1034653
1035078 1035184
1035192 1035241
1035709 1035852
1036279 1036360
1036778 1036869
1037112 1037218
1037554 1037716
1037963 1038009
1038317 1038420
1038630 1038720
1039188 1039287
1039694 1039837
1040292 1040387
1040718 1040860
1041169 1041253
1041657 1041773
1041816 1041925
1042077 1042230
1042463 1042620
1042945 1043049
1043110 1043170
1043307 1043410
1043468 1043524
1043675 1043804
1043946 1044047
1044060 1044201
1044674 1044773
1045063 1045107
1045476 1045566
1046064 1046172
1046186 1046234
1046238 1046341
1046760 1046845
1046944 1047044
1047480 1047514
1047765 1047884
1047904 1048021
1048121 1048170
1048469 1048573
1048914 1049008
1049355 1049446
1049868 1049969
1050022 1050097
1050575 1050660
1051003 1051149
1051551 1051669
1051953 1052116
1052404 1052496
1052945 1053050
1053500 1053644
1053669 1053772
1053883 1053991
1054167 1054264
1054301 1054383
1054689 1054733
1055017 1055062
1055424 1055587
1055616 1055770
1056065 1056169
1056520 1056565
1056885 1057044
1057290 1057391
1057888 1058037
1058224 1058384
1058480 1058577
1058836 1058924
1059047 1059107
1059485 1059573
1059757 1059899
1059989 1060157
1060454 1060536
1060551 1060645
1060933 1061040
1061522 1061617
1061619 1061706
1061757 1061806
1062187 1062314
1062752 1062802
1063169 1063269
1063369 1063509
1064000 1064114
1064316 1064415
1064491 1064591
1064937 1065009
1065103 1065251
1065662 1065754
1066144 1066299
1066421 1066530
1066954 1067074
1067192 1067335
1067590 1067648
1067819 1067921
1068251 1068341
1068439 1068531
1068574 1068720
1068954 1069082
1069145 1069202
1069305 1069393
1069492 1069648
1069907 1069990
1070169 1070263
1070498 1070542
1070757 1070849
1070971 1071029
1071301 1071398
1071721 1071816
1071962 1072054
1072512 1072610
1073008 1073175
1073396 1073515
1073643 1073697
1073749 1073798
1073866 1074015
1074476 1074627
1074935 1075032
1075369 1075418
1075488 1075589
1075730 1075783
1075835 1075889
1076137 1076299
1076479 1076634
1076910 1077062
1077296 1077422
1077743 1077849
1078116 1078170
1078177 1078275
1078685 1078846
1079220 1079264
1079399 1079510
1079829 1079921
1080402 1080529
1080569 1080627
1081126 1081226
1081424 1081521
1081653 1081790
1082096 1082196
1082627 1082699
1083185 1083327
1083795 1083945
1083980 1084094
1084414 1084509
1084768 1084812
1085215 1085366
1085588 1085689
1086014 1086138
1086568 1086601
1086621 1086662
1087012 1087053
1087098 1087206
1087442 1087484
1087806 1087914
1087995 1088038
1088458 1088503
1088879 1089010
1089173 1089277
1089615 1089765
1090201 1090298
1090731 1090820
1091216 1091378
1091435 1091600
1091750 1091791
1091993 1092102
1092466 1092619
1093117 1093205
1093642 1093744
1094122 1094260
1094397 1094447
1094732 1094780
1094832 1094943
1095280 1095384
1095406 1095560
1095954 1096043
1096429 1096537
1096674 1096825
1097198 1097344
1097657 1097748
1098192 1098237
1098426 1098576
1099057 1099162
1099184 1099284
1099526 1099623
1099633 1099735
1100046 1100143
1100322 1100418
1100557 1100668
1100889 1100922
1101036 1101122
1101513 1101653
1101821 1101859
1102263 1102363
1102786 1102934
1103226 1103336
1103347 1103487
1103604 1103701
1104108 1104217
1104445 1104497
1104725 1104826
1104869 1104981
1105251 1105406
1105645 1105801
1106138 1106238
1106401 1106495
1106957 1107064
1107447 1107607
1107726 1107828
1107994 1108081
1108517 1108649
1108918 1109015
1109209 1109311
1109617 1109666
1109873 1109916
1109986 1110150
1110213 1110328
1110540 1110692
1110772 1110819
1111120 1111262
1111638 1111749
1112207 1112273
1112558 1112600
1112969 1113051
1113207 1113357
1113458 1113554
1113630 1113785
1114096 1114203
1114691 1114829
1115124 1115262
1115583 1115680
1116010 1116052
1116354 1116441
1116458 1116510
1116649 1116742
1116955 1117040
1117398 1117486
1117497 1117578
1117702 1117771
1117925 1118036
1118380 1118485
1118878 1118924
1118994 1119050
1119261 1119414
1119416 1119536
1119878 1119980
1120140 1120178
1120323 1120486
1120971 1121119
1121160 1121262
1121512 1121566
1121853 1121910
1122380 1122545
1122722 1122859
1123248 1123290
1123601 1123657
1123705 1123810
1124216 1124360
1124384 1124486
1124776 1124920
1124981 1125101
1125184 1125278
1125574 1125656
1126064 1126171
1126637 1126780
1127186 1127274
1127702 1127856
1128277 1128377
1128640 1128727
1129090 1129117
1129286 1129370
1129854 1129997
1130091 1130169
1130532 1130629
1130746 1130836
1131145 1131297
1131525 1131643
1131675 1131759
1131885 1131949
1132426 1132481
1132971 1133079
1133421 1133509
1133837 1133934
1134382 1134528
1134811 1134909
1135214 1135311
1135684 1135790
1135970 1136080
1136197 1136259
1136310 1136365
1136392 1136428
1136438 1136494
1136982 1137121
1137177 1137345
1137584 1137686
1137725 1137828
1138129 1138177
1138182 1138271
1138551 1138691
1138944 1139101
1139336 1139445
1139490 1139587
1139606 1139700
1140174 1140295
1140519 1140628
1140703 1140752
1141213 1141357
1141707 1141842
1141971 1142072
1142205 1142306
1142696 1142793
1142944 1143037
1143200 1143295
1143558 1143669
1143751 1143899
1144255 1144357
1144516 1144626
1145077 1145214
1145582 1145695
1146131 1146223
1146418 1146522
1146689 1146739
1147174 1147215
1147358 1147449
1147821 1147862
1148067 1148168
1148391 1148479
1148627 1148722
1148870 1149006
1149304 1149384
1149824 1149886
1150241 1150295
1150575 1150612
1150753 1150842
1150910 1150970
1151240 1151393
1151776 1151880
1152165 1152267
1152272 1152415
1152796 1152894
1153017 1153154
1153216 1153269
1153463 1153626
1153642 1153687
1153741 1153825
1154159 1154282
1154609 1154663
1155024 1155070
1155504 1155595
1155631 1155667
1155708 1155846
1156025 1156130
1156186 1156295
1156533 1156629
1156992 1157111
1157126 1157221
1157285 1157346
1157688 1157789
1158188 1158239
1158424 1158580
1159073 1159172
1159227 1159381
1159396 1159543
1159778 1159881
1160078 1160218
1160270 1160370
1160576 1160670
1160952 1160985
1161354 1161424
1161671 1161768
1162112 1162288
1162642 1162714
1162913 1162951
1163256 1163317
1163451 1163566
1163964 1164062
1164412 1164514
1164919 1165060
1165163 1165306
1165406 1165464
1165540 1165686
1165704 1165818
1166128 1166173
1166642 1166800
1166827 1166871
1166953 1166996
1167126 1167168
1167583 1167679
1167782 1167881
1168177 1168332
1168389 1168499
1168568 1168716
1168788 1168830
1168867 1168978
1169316 1169414
1169791 1169843
1170169 1170259
1170728 1170805
1171255 1171364
1171696 1171743
1171784 1171941
1172271 1172361
1172460 1172599
1172624 1172682
1173001 1173051
1173209 1173274
1173322 1173463
1173588 1173685
1173747 1173855
1174106 1174225
1174407 1174501
1174910 1175001
1175094 1175144
1175221 1175280
1175429 1175599
1175728 1175885
1176331 1176415
1176424 1176523
1176904 1177015
1177331 1177435
1177700 1177814
1177873 1177991
1178429 1178462
1178562 1178650
1179006 1179114
1179305 1179399
1179418 1179464
1179491 1179574
1179793 1179884
1179923 1179972
1180217 1180375
1180600 1180677
1180777 1180858
1181170 1181267
1181700 1181728
1182150 1182257
1182302 1182352
1182445 1182552
1182568 1182673
1183091 1183181
1183571 1183682
1184078 1184125
1184518 1184614
1184927 1184979
1185259 1185364
1185604 1185749
1186047 1186146
1186230 1186274
1186622 1186740
1187191 1187289
1187511 1187602
1187618 1187732
1188171 1188341
1188642 1188737
1188993 1189092
1189343 1189485
1189923 1189976
1190228 1190354
1190837 1190989
1191159 1191264
1191399 1191505
1191990 1192047
1192520 1192661
1192750 1192850
1193235 1193279
1193394 1193562
1194061 1194179
1194239 1194355
1194545 1194592
1194646 1194749
1194970 1195059
1195185 1195284
1195519 1195558
1195797 1195906
1196404 1196502
1196898 1196975
1197019 1197068
1197076 1197171
1197224 1197310
1197636 1197744
1198101 1198205
1198565 1198706
1199191 1199293
1199462 1199497
1199524 1199633
1199940 1200102
1200533 1200581
1200767 1200861
1201037 1201138
1201315 1201421
1201514 1201569
1201902 1201999
1202420 1202514
1202778 1202877
1203231 1203331
1203354 1203474
1203508 1203539
1203678 1203793
1203840 1203935
1204165 1204205
1204349 1204435
1204546 1204652
1205146 1205240
1205497 1205554
1205612 1205756
1206126 1206174
1206340 1206464
1206947 1207050
1207197 1207307
1207785 1207878
1208332 1208481
1208503 1208602
1208754 1208840
1209248 1209347
1209740 1209833
1209934 1210045
1210195 1210336
1210571 1210656
1210963 1211115
1211367 1211530
1211793 1211892
1212073 1212191
1212204 1212259
1212656 1212753
1213054 1213169
1213551 1213661
1213757 1213857
1213948 1214065
1214143 1214282
1214541 1214656
1215109 1215152
1215317 1215430
1215434 1215578
1215916 1215980
1216208 1216266
1216705 1216870
1217046 1217190
1217305 1217455
1217866 1217932
1218216 1218321
1218486 1218565
1218919 1219025
1219523 1219668
1220101 1220251
1220714 1220801
1221075 1221173
1221391 1221488
1221597 1221713
1221834 1221990
1222142 1222266
1222710 1222771
1222951 1223051
1223084 1223185
1223543 1223571
1223860 1223958
1224154 1224320
1224738 1224887
1225213 1225360
1225614 1225772
1226000 1226103
1226536 1226591
1226797 1226835
1226926 1227078
1227289 1227394
1227531 1227667
1227675 1227774
1228220 1228367
1228571 1228694
1229042 1229136
1229254 1229304
1229336 1229383
1229822 1229975
1230298 1230400
1230722 1230869
1231154 1231212
1231681 1231827
1232161 1232321
1232540 1232627
1232848 1232901
1233366 1233464
1233599 1233749
1233877 1233965
1234031 1234073
1234566 1234718
1234938 1235036
1235384 1235494
1235829 1235985
1236144 1236283
1236507 1236553
1236816 1236975
1237070 1237167
1237212 1237358
1237530 1237687
1238040 1238200
1238503 1238596
1238693 1238839
1239309 1239417
1239861 1239963
1240226 1240385
1240455 1240498
1240529 1240619
1241074 1241183
1241538 1241649
1241848 1241964
1242130 1242214
1242454 1242603
1242885 1242916
1243378 1243430
1243526 1243623
1243703 1243851
1243856 1243917
1243952 1244071
1244139 1244201
1244327 1244368
1244701 1244765
1245183 1245269
1245417 1245516
1245999 1246083
1246210 1246351
1246423 1246508
1246714 1246816
1247164 1247327
1247417 1247511
1247774 1247825
1248123 1248225
1248554 1248653
1248807 1248908
1249000 1249050
1249254 1249358
1249776 1249887
1250090 1250202
1250694 1250784
1251166 1251268
1251481 1251517
1251778 1251832
1252239 1252359
1252450 1252602
1253077 1253184
1253660 1253769
1253990 1254088
1254212 1254346
1254843 1255001
1255243 1255401
1255685 1255728
1255812 1255904
1256230 1256286
1256715 1256767
1257084 1257201
1257356 1257407
1257569 1257715
1258097 1258254
1258398 1258505
1258643 1258675
1259031 1259138
1259255 1259409
1259816 1259911
1260364 1260464
1260578 1260705
1260901 1260993
1260997 1261151
1261369 1261419
1261493 1261639
1261680 1261785
1262279 1262392
1262626 1262690
1263051 1263192
1263674 1263762
1264025 1264069
1264361 1264416
1264797 1264864
1265126 1265221
1265420 1265547
1265829 1265871
1266141 1266194
1266388 1266488
1266588 1266643
1266902 1266994
1267164 1267229
1267655 1267817
1267886 1267987
1268043 1268140
1268557 1268619
1268860 1268904
1269233 1269338
1269523 1269576
1269789 1269834
1270065 1270109
1270254 1270289
1270598 1270647
1270826 1270889
1271028 1271180
1271318 1271417
1271565 1271720
1271966 1272119
1272539 1272645
1272686 1272798
1273255 1273343
1273782 1273842
1274057 1274216
1274304 1274409
1274705 1274811
1275282 1275384
1275597 1275644
1275874 1275962
1276358 1276499
1276511 1276617
1276750 1276796
1276806 1276849
1277160 1277264
1277673 1277765
1278161 1278294
1278300 1278386
1278845 1278940
1279183 1279333
1279629 1279722
1280214 1280313
1280731 1280841
1281166 1281278
1281589 1281738
1281962 1282075
1282420 1282460
1282784 1282881
1282962 1283053
1283166 1283323
1283608 1283775
1283954 1284060
1284145 1284234
1284249 1284357
1284793 1284954
1285377 1285428
1285536 1285690
1285949 1285988
1286234 1286343
1286838 1286930
1286955 1287106
1287556 1287646
1287854 1287967
1287981 1288040
1288140 1288245
1288366 1288474
1288475 1288602
1288672 1288837
1289075 1289181
1289421 1289590
1289629 1289772
1289932 1290001
1290411 1290561
1290949 1291047
1291497 1291551
1292017 1292114
1292206 1292310
1292424 1292577
1292598 1292701
1292735 1292884
1293113 1293218
1293544 1293640
1293980 1294027
1294417 1294519
1294732 1294827
1295201 1295249
1295588 1295734
1296202 1296351
1296395 1296495
1296959 1297072
1297460 1297571
1297763 1297918
1298194 1298336
1298690 1298790
1299052 1299141
1299537 1299652
1299975 1300085
1300473 1300560
1300731 1300839
1300946 1300972
1301132 1301179
1301225 1301400
1301587 1301619
1301709 1301820
1301911 1302018
1302435 1302539
1302642 1302746
1303243 1303283
1303545 1303640
1303748 1303820
1304169 1304328
1304357 1304448
1304798 1304882
1305227 1305332
1305583 1305635
1305904 1306045
1306471 1306591
1307083 1307131
1307380 1307530
1307689 1307718
1307836 1307933
1308419 1308472
1308873 1309002
1309143 1309209
1309686 1309821
1310096 1310191
1310200 1310289
1310702 1310869
1311060 1311152
1311263 1311307
1311630 1311778
1312099 1312195
1312460 1312546
1312881 1312915
1313309 1313349
1313754 1313850
1314092 1314240
1314506 1314559
1314968 1315059
1315465 1315571
1315667 1315765
1316121 1316176
1316454 1316613
1316732 1316846
1316868 1316911
1317061 1317161
1317365 1317471
1317571 1317670
1318081 1318192
1318474 1318560
1318702 1318792
1318982 1319091
1319250 1319354
1319548 1319604
1320046 1320144
1320355 1320449
1320904 1320945
1321319 1321474
1321498 1321630
1322120 1322142
1322416 1322540
1322942 1323028
1323070 1323164
1323624 1323685
1324051 1324194
1324400 1324500
1324944 1325096
1325296 1325405
1325795 1325872
1326166 1326269
1326579 1326629
1327126 1327242
1327562 1327661
1327912 1328006
1328351 1328428
1328654 1328780
1329151 1329246
1329544 1329627
1329666 1329829
1330153 1330188
1330293 1330342
1330530 1330645
1330867 1330923
1330955 1331054
1331332 1331396
1331611 1331664
1331791 1331857
1332303 1332455
1332953 1333087
1333151 1333242
1333737 1333856
1334310 1334401
1334881 1335003
1335406 1335445
1335827 1335997
1336252 1336297
1336638 1336679
1336780 1336881
1337044 1337208
1337404 1337447
1337766 1337870
1338340 1338435
1338656 1338766
1339105 1339164
1339266 1339374
1339604 1339690
1339915 1340015
1340122 1340268
1340431 1340477
1340624 1340733
1341129 1341219
1341566 1341605
1341973 1342091
1342159 1342294
1342383 1342424
1342755 1342799
1342851 1342998
1343082 1343137
1343618 1343705
1343814 1343875
1344210 1344301
1344786 1344941
1345014 1345107
1345224 1345274
1345527 1345633
1345768 1345874
1346227 1346270
1346602 1346753
1346988 1347139
1347567 1347661
1348129 1348233
1348294 1348405
1348692 1348785
1349102 1349137
1349390 1349495
1349711 1349761
1349825 1349870
1349891 1349997
1350044 1350132
1350552 1350706
1350731 1350819
1351094 1351144
1351463 1351518
1351887 1352041
1352342 1352451
1352598 1352664
1352699 1352800
1353013 1353103
1353183 1353280
1353438 1353592
1353893 1353995
1354134 1354165
1354532 1354655
1354901 1355011
1355368 1355476
1355539 1355637
1355886 1355978
1356308 1356429
1356795 1356895
1357102 1357160
1357244 1357388
1357833 1357882
1358148 1358295
1358470 1358569
1358733 1358783
1359142 1359228
1359680 1359736
1359823 1359921
1360281 1360436
1360661 1360812
1361270 1361407
1361665 1361719
1361801 1361944
1362316 1362414
1362519 1362574
1362586 1362743
1363228 1363397
1363787 1363916
1364026 1364084
1364159 1364305
1364462 1364623
1364719 1364834
1365270 1365383
1365441 1365493
1365688 1365742
1365828 1365977
1366373 1366482
1366864 1366973
1367346 1367490
1367967 1368101
1368113 1368225
1368675 1368825
1369102 1369202
1369411 1369559
1370007 1370164
1370618 1370666
1370744 1370779
1370789 1370945
1371040 1371140
1371403 1371454
1371735 1371833
1372156 1372318
1372511 1372617
1372645 1372683
1373083 1373175
1373475 1373528
1374024 1374128
1374213 1374264
1374402 1374494
1374797 1374891
1375035 1375080
1375444 1375603
1375976 1376031
1376307 1376360
1376639 1376719
1376761 1376851
1376954 1377083
1377281 1377330
1377625 1377709
1378105 1378255
1378496 1378646
1379052 1379105
1379173 1379324
1379651 1379693
1379727 1379826
1380187 1380322
1380360 1380497
1380848 1380895
1380970 1381070
1381440 1381534
1381873 1381939
1382207 1382313
1382353 1382472
1382761 1382905
1383296 1383393
1383573 1383737
1383799 1383940
1384093 1384152
1384608 1384750
1385017 1385071
1385315 1385475
1385893 1385986
1386295 1386441
1386849 1386950
1386985 1387073
1387566 1387658
1388068 1388178
1388487 1388607
1389019 1389115
1389374 1389486
1389668 1389807
1389811 1389972
1390001 1390101
1390242 1390351
1390676 1390812
1390934 1391095
1391269 1391314
1391481 1391580
1391853 1391996
1392159 1392276
1392330 1392371
1392610 1392748
1393158 1393243
1393693 1393794
1394039 1394132
1394261 1394366
1394767 1394880
1395132 1395296
1395333 1395485
1395566 1395637
1395964 1396100
1396249 1396299
1396576 1396677
1396771 1396925
1397383 1397436
1397642 1397761
1398086 1398202
1398491 1398603
1398991 1399134
1399633 1399687
1400166 1400316
1400427 1400581
1400755 1400869
1401013 1401056
1401359 1401455
1401939 1402096
1402535 1402682
1402930 1402979
1403019 1403114
1403167 1403277
1403496 1403591
1403623 1403740
1403931 1403978
1404392 1404547
1404586 1404688
1404843 1404948
1405112 1405253
1405492 1405635
1405884 1405935
1405983 1406079
1406383 1406473
1406478 1406561
1406678 1406720
1407186 1407341
1407428 1407572
1407698 1407790
1408130 1408216
1408582 1408686
1409168 1409317
1409325 1409428
1409636 1409675
1409949 1410041
1410318 1410449
1410599 1410632
1410733 1410777
1411168 1411265
1411499 1411583
1411970 1412019
1412228 1412320
1412599 1412670
1413023 1413078
1413542 1413692
1414183 1414289
1414723 1414823
1415002 1415104
1415548 1415642
1416090 1416192
1416318 1416358
1416362 1416434
1416729 1416830
1417154 1417212
1417560 1417671
1417833 1417896
1418298 1418368
1418811 1418951
1419033 1419163
1419517 1419548
1419684 1419829
1420327 1420472
1420543 1420644
1420851 1420959
1421190 1421337
1421533 1421632
1422011 1422106
1422402 1422502
1422633 1422782
1423247 1423360
1423422 1423473
1423501 1423648
1424046 1424107
1424562 1424725
1424858 1425011
1425385 1425446
1425735 1425812
1426176 1426278
1426457 1426551
1427043 1427091
1427267 1427416
1427584 1427627
1427860 1427962
1428455 1428547
1428874 1428976
1429242 1429346
1429831 1429933
1430403 1430493
1430590 1430684
1431004 1431143
1431570 1431712
1431753 1431855
1432018 1432112
1432166 1432257
1432632 1432767
1433170 1433269
1433644 1433799
1434283 1434387
1434612 1434671
1434744 1434807
1435071 1435169
1435449 1435545
1435894 1435976
1436045 1436143
1436510 1436577
1436995 1437044
1437392 1437499
1437951 1438058
1438411 1438529
1438858 1438952
1439233 1439375
1439552 1439596
1439743 1439802
1440294 1440427
1440765 1440862
1440933 1440983
1441156 1441252
1441559 1441665
1441752 1441853
1442234 1442328
1442575 1442681
1443171 1443255
1443404 1443564
1443941 1444042
1444516 1444661
1444859 1444899
1444922 1445026
1445147 1445241
1445279 1445451
1445474 1445578
1446053 1446189
1446500 1446592
1446895 1446941
1447438 1447497
1447961 1448118
1448128 1448241
1448685 1448771
1448888 1448982
1449110 1449198
1449427 1449488
1449557 1449587
1450031 1450196
1450551 1450615
1450725 1450764
1450890 1450949
1450981 1451125
1451430 1451481
1451925 1452022
1452027 1452151
1452273 1452360
1452485 1452523
1452607 1452705
1453022 1453131
1453221 1453366
1453640 1453797
1454222 1454309
1454319 1454465
1454609 1454665
1454937 1455034
1455064 1455121
1455469 1455580
1455774 1455911
1456332 1456437
1456711 1456874
1457326 1457427
1457919 1458072
1458314 1458466
1458927 1459040
1459238 1459382
1459775 1459881
1459984 1460041
1460533 1460581
1461058 1461100
1461434 1461523
1461586 1461739
1462078 1462177
1462417 1462517
1462796 1462899
1463327 1463466
1463807 1463953
1464294 1464399
1464592 1464624
1464976 1465067
1465214 1465321
1465770 1465876
1465925 1465986
1466415 1466479
1466875 1466971
1467246 1467348
1467795 1467943
1468298 1468449
1468920 1469068
1469391 1469469
1469541 1469603
1470053 1470097
1470433 1470485
1470979 1471120
1471266 1471314
1471761 1471915
1472110 1472168
1472330 1472388
1472562 1472610
1472921 1473073
1473529 1473577
1473939 1474034
1474405 1474549
1475013 1475108
1475252 1475395
1475513 1475668
1475709 1475803
1476152 1476204
1476689 1476778
1476885 1476990
1477065 1477237
1477431 1477585
1477946 1478046
1478299 1478456
1478927 1479031
1479195 1479301
1479704 1479762
1479847 1479960
1480133 1480198
1480363 1480509
1481009 1481060
1481195 1481291
1481436 1481536
1481844 1481950
1482125 1482216
1482311 1482398
1482846 1482904
1483241 1483272
1483639 1483696
1484110 1484245
1484681 1484802
1484817 1484925
1485290 1485449
1485769 1485933
1486086 1486134
1486376 1486518
1486895 1487051
1487424 1487575
1487919 1488021
1488224 1488277
1488448 1488604
1489037 1489186
1489566 1489608
1489727 1489787
1489817 1489924
1490324 1490416
1490599 1490712
1490735 1490813
1491008 1491159
1491631 1491718
1491833 1491974
1492151 1492291
1492470 1492603
1492677 1492781
1492902 1493017
1493275 1493323
1493436 1493553
1493704 1493758
1494159 1494261
1494575 1494672
1494729 1494838
1494878 1495032
1495314 1495452
1495709 1495848
1495971 1496082
1496099 1496245
1496275 1496320
1496743 1496891
1497046 1497132
1497195 1497292
1497417 1497568
1497905 1497966
1498448 1498553
1498591 1498744
1499148 1499308
1499782 1499872
1499928 1500088
1500251 1500386
1500624 1500774
1500853 1500946
1500988 1501147
1501496 1501605
1501966 1502109
1502568 1502676
1503106 1503216
1503428 1503569
1503827 1503964
1504254 1504311
1504673 1504729
1505102 1505261
1505572 1505682
1506106 1506194
1506313 1506410
1506731 1506883
1506981 1507145
1507481 1507571
1507981 1508086
1508218 1508318
1508624 1508715
1509105 1509197
1509378 1509458
1509555 1509592
1509634 1509677
1509905 1509948
1510405 1510517
1510551 1510705
1511191 1511336
1511447 1511498
1511780 1511832
1511899 1511990
1512420 1512472
1512614 1512677
1512845 1512946
1513326 1513429
1513618 1513757
1514121 1514269
1514373 1514523
1514610 1514707
1515141 1515241
1515637 1515744
1516014 1516160
1516575 1516674
1516952 1517103
1517244 1517335
1517358 1517455
1517883 1518038
1518293 1518445
1518762 1518858
1519128 1519234
1519383 1519477
1519539 1519584
1519947 1520047
1520222 1520384
1520534 1520632
1520741 1520797
1521199 1521304
1521681 1521791
1521833 1521888
1522381 1522478
1522885 1522999
1523273 1523388
1523656 1523821
1523956 1524051
1524280 1524374
1524789 1524895
1525207 1525316
1525427 1525528
1526015 1526101
1526103 1526150
1526613 1526648
1526805 1526849
1527128 1527270
1527296 1527440
1527928 1528007
1528487 1528598
1528947 1529038
1529155 1529194
1529242 1529333
1529418 1529468
1529900 1530066
1530263 1530399
1530530 1530582
1530798 1530907
1531371 1531490
1531835 1531932
1532355 1532389
1532477 1532620
1533061 1533152
1533513 1533660
1533780 1533810
1534117 1534157
1534364 1534441
1534912 1535001
1535484 1535538
1535778 1535878
1536313 1536414
1536906 1536989
1537051 1537164
1537281 1537369
1537439 1537581
1537586 1537628
1538030 1538089
1538166 1538258
1538325 1538470
1538785 1538851
1539012 1539156
1539192 1539348
1539561 1539620
1539803 1539850
1539901 1539947
1540396 1540452
1540592 1540646
1541120 1541216
1541412 1541508
1541890 1541993
1542263 1542360
1542578 1542619
1542737 1542779
1543123 1543167
1543182 1543313
1543398 1543504
1543853 1543970
1544403 1544452
1544580 1544678
1545053 1545152
1545174 1545327
1545622 1545736
1546095 1546245
1546385 1546485
1546874 1547029
1547411 1547514
1547616 1547707
1548132 1548236
1548284 1548383
1548749 1548797
1549127 1549191
1549643 1549689
1549751 1549895
1550241 1550290
1550729 1550820
1551099 1551206
1551356 1551452
1551723 1551890
1552339 1552442
1552914 1552950
1553005 1553061
1553536 1553637
1553792 1553945
1554064 1554120
1554390 1554435
1554711 1554812
1555101 1555186
1555360 1555455
1555825 1555907
1555940 1556097
1556364 1556515
1556717 1556887
1557040 1557148
1557344 1557432
1557433 1557475
1557713 1557855
1558006 1558102
1558298 1558403
1558498 1558604
1558898 1558995
1559479 1559570
1560065 1560164
1560445 1560545
1560769 1560802
1560921 1561075
1561400 1561501
1561643 1561733
1562075 1562126
1562372 1562479
1562552 1562649
1562790 1562895
1563350 1563398
1563831 1563914
1564404 1564518
1564952 1565103
1565169 1565309
1565748 1565787
1565901 1566067
1566525 1566576
1566948 1567043
1567375 1567480
1567896 1567996
1568294 1568357
1568692 1568751
1568818 1568977
1568979 1569129
1569261 1569416
1569660 1569771
1569928 1569978
1570416 1570531
1570850 1570955
1571108 1571164
1571447 1571607
1571817 1571962
1572249 1572282
1572408 1572563
1572855 1572958
1573328 1573484
1573658 1573766
1574126 1574268
1574658 1574813
1575036 1575099
1575503 1575614
1575947 1576053
1576324 1576382
1576693 1576756
1576819 1576935
1577102 1577193
1577288 1577441
1577693 1577797
1578241 1578271
1578688 1578730
1579143 1579232
1579606 1579712
1579795 1579898
1580309 1580417
1580834 1580934
1581201 1581354
1581545 1581651
1581671 1581702
1582055 1582197
1582438 1582498
1582564 1582608
1582643 1582743
1582867 1583035
1583378 1583492
1583861 1583954
1584006 1584137
1584373 1584476
1584758 1584899
1585254 1585315
1585533 1585597
1585721 1585824
1586112 1586258
1586510 1586674
1586859 1586986
1587028 1587097
1587170 1587280
1587441 1587589
1587869 1588013
1588105 1588203
1588456 1588603
1588920 1588982
1589077 1589159
1589483 1589637
1590025 1590059
1590400 1590526
1590783 1590869
1591148 1591249
1591357 1591419
1591625 1591732
1592008 1592169
1592299 1592416
1592830 1592977
1593113 1593228
1593313 1593455
1593566 1593653
1593966 1594078
1594488 1594592
1594719 1594813
1595141 1595257
1595691 1595730
1596027 1596067
1596321 1596422
1596751 1596839
1597176 1597297
1597741 1597889
1598088 1598193
1598434 1598550
1598920 1598973
1599446 1599590
1599752 1599877
1600365 1600462
1600617 1600739
1601203 1601290
1601622 1601683
1601777 1601917
1602081 1602181
1602461 1602618
1602930 1603026
1603456 1603544
1604020 1604062
1604293 1604394
1604764 1604925
1605390 1605498
1605560 1605670
1606094 1606157
1606612 1606702
1606743 1606863
1607166 1607259
1607587 1607729
1608015 1608120
1608255 1608288
1608613 1608726
1609160 1609211
1609314 1609474
1609760 1609870
1609923 1610018
1610140 1610203
1610221 1610331
1610644 1610801
1611123 1611218
1611415 1611457
1611955 1612096
1612314 1612412
1612769 1612807
1612902 1612961
1613127 1613214
1613397 1613501
1613535 1613641
1613983 1614084
1614182 1614343
1614633 1614722
1615050 1615157
1615205 1615305
1615680 1615848
1616040 1616187
1616556 1616653
1617018 1617134
1617164 1617210
1617327 1617368
1617729 1617882
1618044 1618157
1618361 1618453
1618752 1618882
1619254 1619338
1619640 1619748
1619765 1619847
1620182 1620232
1620508 1620679
1621161 1621249
1621744 1621891
1622119 1622214
1622467 1622578
1622829 1622883
1622974 1623080
1623338 1623397
1623785 1623887
1623904 1624058
1624114 1624157
1624174 1624338
1624611 1624721
1624928 1625031
1625117 1625265
1625730 1625880
1626003 1626157
1626507 1626613
1626851 1626947
1627394 1627495
1627759 1627854
1628135 1628240
1628366 1628497
1628800 1628882
1629142 1629251
1629501 1629549
1629980 1630089
1630319 1630374
1630533 1630629
1631085 1631141
1631542 1631687
1632042 1632142
1632146 1632298
1632631 1632745
1632952 1633004
1633287 1633397
1633508 1633607
1633762 1633858
1634252 1634318
1634684 1634735
1635053 1635150
1635340 1635432
1635600 1635700
1636095 1636147
1636453 1636557
1636600 1636750
1636847 1636990
1637282 1637337
1637691 1637857
1637872 1638024
1638409 1638506
1638925 1638985
1639290 1639394
1639591 1639741
1639882 1639925
1640031 1640144
1640195 1640304
1640677 1640757
1640999 1641149
1641475 1641635
1641759 1641864
1642037 1642180
1642573 1642667
1642854 1642998
1643090 1643191
1643646 1643783
1644082 1644132
1644251 1644384
1644588 1644692
1644923 1645062
1645510 1645617
1645664 1645737
1645940 1646089
1646556 1646594
1646848 1646987
1647059 1647211
1647303 1647401
1647632 1647719
1647818 1647914
1648127 1648167
1648311 1648393
1648611 1648755
1649161 1649313
1649693 1649754
1649767 1649818
1650269 1650421
1650660 1650754
1650998 1651065
1651416 1651481
1651887 1651932
1652142 1652283
1652322 1652373
1652484 1652589
1653081 1653178
1653252 1653351
1653829 1653969
1654150 1654265
1654415 1654564
1654957 1655026
1655450 1655544
1655579 1655689
1655865 1656018
1656143 1656287
1656426 1656525
1656536 1656702
1657105 1657138
1657580 1657737
1657931 1658041
1658223 1658320
1658660 1658760
1659061 1659156
1659323 1659379
1659847 1659963
1660328 1660376
1660778 1660932
1661083 1661182
1661456 1661501
1661983 1662100
1662220 1662330
1662354 1662452
1662920 1662958
1663111 1663194
1663227 1663284
1663572 1663656
1663718 1663823
1664227 1664334
1664435 1664477
1664739 1664785
1664809 1664946
1665325 1665423
1665813 1665858
1666010 1666109
1666237 1666336
1666733 1666821
1666942 1667044
1667330 1667481
1667789 1667850
1668017 1668080
1668168 1668266
1668276 1668371
1668604 1668698
1669069 1669216
1669636 1669737
1670189 1670322
1670497 1670640
1670816 1670870
1671182 1671337
1671776 1671869
1671902 1672077
1672343 1672382
1672748 1672855
1673006 1673103
1673203 1673302
1673636 1673797
1674172 1674274
1674712 1674807
1674870 1674963
1675401 1675503
1675756 1675894
1676073 1676143
1676419 1676534
1676759 1676861
1676871 1676970
1677139 1677274
1677746 1677848
1678289 1678375
1678705 1678854
1679003 1679121
1679209 1679309
1679465 1679615
1680082 1680151
1680152 1680212
1680405 1680550
1680623 1680732
1680828 1680989
1681431 1681532
1681655 1681754
1682229 1682276
1682343 1682394
1682405 1682498
1682842 1682949
1683383 1683481
1683545 1683689
1684109 1684191
1684224 1684360
1684841 1684892
1684933 1685033
1685074 1685214
1685348 1685393
1685885 1685977
1686379 1686526
1686616 1686701
1687116 1687213
1687339 1687444
1687529 1687657
1687862 1687951
1688276 1688381
1688850 1688973
1689440 1689543
1689564 1689702
1690150 1690258
1690731 1690820
1691017 1691142
1691332 1691371
1691794 1691931
1691955 1692050
1692309 1692428
1692927 1692976
1693336 1693431
1693565 1693665
1693772 1693916
1694143 1694247
1694722 1694816
1694829 1694931
1694965 1695063
1695245 1695302
1695560 1695710
1695835 1695877
1695897 1696051
1696290 1696356
1696690 1696787
1697038 1697127
1697535 1697635
1698033 1698091
1698154 1698242
1698383 1698535
1698807 1698961
1699416 1699452
1699829 1699903
1700288 1700393
1700434 1700522
1700558 1700617
1700661 1700707
1701000 1701098
1701249 1701343
1701379 1701485
1701827 1701903
1702364 1702473
1702538 1702644
1702774 1702874
1703035 1703082
1703573 1703680
1703983 1704126
1704330 1704427
1704896 1705043
1705271 1705373
1705451 1705560
1705588 1705640
1705792 1705834
1706197 1706307
1706456 1706559
1706844 1706983
1707027 1707091
1707266 1707426
1707714 1707758
1707791 1707940
1708147 1708217
1708512 1708615
1708634 1708756
1709199 1709329
1709815 1709909
1710005 1710162
1710621 1710724
1710815 1710984
1711186 1711333
1711385 1711475
1711832 1711863
1711947 1712011
1712358 1712433
1712462 1712565
1712857 1712950
1712982 1713084
1713559 1713619
1713697 1713810
1713856 1713908
1714091 1714239
1714395 1714494
1714886 1714987
1715004 1715109
1715316 1715365
1715797 1715890
1716128 1716261
1716733 1716840
1717165 1717260
1717689 1717755
1717784 1717876
1718017 1718100
1718446 1718601
1718993 1719091
1719113 1719173
1719623 1719722
1720006 1720112
1720142 1720242
1720347 1720494
1720810 1720901
1720935 1721042
1721094 1721244
1721661 1721757
1722144 1722238
1722251 1722396
1722859 1723016
1723207 1723299
1723440 1723527
1723559 1723710
1723764 1723878
1723965 1724110
1724356 1724403
1724408 1724453
1724924 1725073
1725517 1725618
1725696 1725793
1726164 1726240
1726612 1726703
1726871 1727034
1727226 1727373
1727770 1727810
1728213 1728302
1728496 1728659
1728836 1728954
1729351 1729411
1729611 1729766
1730230 1730327
1730675 1730758
1731168 1731263
1731710 1731854
1731919 1731957
1732220 1732298
1732409 1732511
1732549 1732646
1733085 1733179
1733426 1733573
1734028 1734139
1734483 1734578
1734620 1734713
1734745 1734842
1735035 1735077
1735500 1735603
1735616 1735659
1735670 1735774
1736175 1736220
1736513 1736633
1736848 1736883
1737304 1737443
1737627 1737669
1737742 1737900
1738276 1738420
1738618 1738771
1739179 1739338
1739675 1739813
1740311 1740407
1740765 1740860
1740940 1741021
1741387 1741533
1741899 1742011
1742097 1742170
1742502 1742537
1742590 1742694
1742920 1743008
1743212 1743259
1743667 1743764
1744192 1744280
1744678 1744800
1744975 1745042
1745196 1745299
1745393 1745451
1745879 1746018
1746494 1746592
1747035 1747121
1747355 1747409
1747889 1747936
1748006 1748065
1748316 1748402
1748510 1748655
1748853 1749007
1749372 1749538
1749968 1750117
1750495 1750586
1750652 1750696
1750885 1750947
1751067 1751139
1751587 1751634
1752120 1752280
1752682 1752830
1752878 1752985
1753258 1753359
1753659 1753760
1753849 1753949
1754199 1754252
