408 467
941 978
1475 1549
2281 2362
2915 3026
3725 3824
4698 4807
5803 5918
6750 7150
7870 8230
9112 9527
10634 11043
12091 12185
13076 13167
14131 14157
15009 15020
15703 15714
16627 16672
17447 17510
18288 18295
19303 19308
20241 20336
21327 21418
22574 22669
24034 24232
25724 25926
27206 27411
28831 28988
30393 30534
31770 31936
33186 33393
34524 34601
35856 35890
37009 37017
37925 37967
38627 38636
39480 39481
40205 40207
41136 41228
41980 42220
43012 43225
44194 44401
45377 45549
46395 46535
47251 47351
48268 48368
49204 49297
50273 50354
51282 51326
52475 52506
53522 53681
54455 54581
55430 55485
56309 56354
57300 57420
58208 58378
59306 59519
60585 60794
61833 62045
63089 63138
64254 64316
65448 65686
67006 67254
68618 68786
70135 70441
71637 71811
72871 73040
74312 74460
75934 76067
77420 77559
78793 78940
80035 80162
81166 81293
82090 82337
82899 83146
83747 83978
84811 85043
85742 85979
86768 87000
88033 88304
89544 90174
91295 91997
92936 94509
95525 97111
98235 99864
101087 102528
103873 105313
106860 108307
110034 110831
112399 113351
114683 115596
117167 117800
119357 120008
121336 121989
123115 123247
124484 124680
125926 126131
127354 127579
128594 128688
129648 129669
130409 130433
131131 131143
131737 131763
132216 132229
132464 132474
132642 132647
132951 132993
133116 133218
133354 133501
133629 133781
134030 134170
134244 134357
134511 134672
134797 134963
135206 135392
135737 135906
136166 136326
136435 136571
136874 137029
137280 137324
137514 137674
138089 138318
138702 138762
138980 138981
139206 139214
139476 139479
139784 139854
139951 139980
140192 140280
140533 140608
140671 140726
140961 141037
141337 141424
141655 141741
141818 141875
141975 142101
142269 142410
142676 142819
143058 143200
143615 143802
144071 144266
144494 144868
144887 145225
145373 145714
145790 146137
146279 146303
146687 146693
147084 147119
147327 147406
147515 147527
147620 147668
147932 148006
148194 148245
148272 148330
148556 148663
148909 148910
149113 149128
149490 149507
149799 149818
150028 150125
150538 150612
151231 151330
152067 152151
152937 152999
153641 153651
154070 154079
154425 154488
154605 154628
154788 154812
155032 155131
155143 155235
155271 155340
155425 155495
155504 155612
155806 155899
156014 156036
156173 156176
156262 156441
156507 156566
156821 156837
157303 157324
157812 157840
158295 158325
158665 158686
159099 159223
159624 159863
160404 160887
161189 161665
162187 162672
163392 163909
164851 165386
166366 166896
167949 168472
169744 169830
171038 171156
172581 172769
174271 174450
176035 176264
177977 178219
180176 180406
182340 182684
184809 185155
187104 187445
189594 189637
191678 191696
193548 193558
195518 195686
197809 197977
200197 200281
202538 202605
204969 205024
207475 207525
209785 209842
211975 211982
214138 214141
216246 216258
218588 218600
221096 221260
223548 223642
225831 225929
227916 228066
230233 230384
232466 232616
234484 234581
236612 236719
238909 239043
241112 241246
243371 243456
245432 245513
247722 247814
250133 250232
252579 252703
255147 255302
257862 257999
260502 260545
263013 263015
265625 265632
268187 268192
270522 270661
272749 273106
275279 275621
277830 278189
280448 280763
282848 283157
285408 285718
288151 288502
290739 291083
293350 293721
296162 296583
298910 299332
301702 302755
305206 306244
308914 309947
312838 313659
316720 317544
320695 321415
324605 325254
328250 328889
331836 332417
335309 335746
338518 338948
341599 341999
344460 344867
347200 348262
350542 351576
353607 354498
356413 357159
359123 359914
361869 362662
364499 365286
366960 367792
369431 370296
372025 372405
374160 374649
376268 376913
378710 379345
381196 381884
383651 384213
386182 386747
388824 389324
391245 391707
393652 394119
395951 396315
397974 398399
400172 400541
402158 402509
404226 404441
406128 406344
408162 408282
410224 410477
412421 412511
414279 414438
416172 416390
417879 418078
419790 420001
421949 422155
424144 424212
426276 426344
428449 428473
430818 430880
433456 433517
436014 436065
438388 438435
440574 440599
442795 442827
445168 445179
447555 447566
450013 450159
452842 452942
455514 455659
458460 458610
461247 461373
464189 464318
466999 467147
469780 469874
472513 472630
475297 475430
478276 478430
481252 481594
484221 484573
487436 487847
490606 490644
493473 493600
496598 496748
499527 499664
502607 502721
505611 505656
508400 508501
511331 511399
514053 514135
516815 516852
519685 519714
522692 522734
525818 525866
529025 529027
532143 532235
535480 535527
538620 538716
541923 542041
545176 545303
548643 548743
552208 552353
555950 556080
559676 559825
563510 563691
567366 567506
571284 571442
575468 575651
579485 579648
583522 583714
587608 587801
591801 592024
595845 596049
599805 600169
603814 604056
607614 607854
611252 611505
614961 615236
618834 619135
622932 623228
627073 627366
631328 631623
635491 635754
639418 639649
643521 645042
648679 650182
653633 655159
658537 659802
663148 664368
667510 668721
672034 672079
675386 675451
678776 678846
682152 682158
685295 685299
688403 688404
691422 691424
694308 694321
697010 697043
699756 699840
702523 702556
705417 705469
708569 708663
711856 711958
714998 715107
718106 718343
721404 721456
724301 724362
727328 727443
730388 730566
733679 733859
737149 737368
740612 740856
743927 744213
747161 747408
750309 750561
753295 753385
756031 756163
758929 758955
761885 761935
764877 765060
768157 768331
771518 771675
774804 774984
778241 778373
781406 781474
784686 784799
787761 787864
790686 790745
793691 793728
796593 796616
799710 799735
802752 802792
805932 806101
809004 809189
812233 812516
815756 815891
818994 819044
822361 822420
825568 825675
828824 828922
831928 832021
834892 835004
837844 837912
840903 841144
844267 844402
847671 847695
850870 850913
853983 854085
857007 857047
859843 859879
862725 862808
865815 865902
868874 868967
872060 872149
875207 875307
878253 878359
881537 881643
884832 884978
888359 888511
891716 891860
895038 895274
898354 898587
901816 901993
905323 905540
909106 909139
912656 912657
916204 916215
919611 919669
923016 923022
926617 926633
929996 930017
933611 933620
937226 937420
941046 941260
944896 945149
948700 948799
952255 952415
955654 955727
959156 959254
962735 962950
966670 967314
971017 971713
975281 975989
979607 980289
983914 984570
988175 988835
992593 992683
996217 996291
1000054 1000114
1003794 1003878
1007561 1007616
1011133 1011189
1014927 1015016
1018817 1018920
1022834 1022975
1026646 1026659
1030543 1030564
1034517 1034520
1038251 1038254
1042082 1042102
1046031 1046032
1049740 1049741
1053672 1053690
1057408 1057536
1061461 1061618
1065369 1065407
1069043 1069077
1072878 1072898
1076735 1076835
1080820 1080916
1084884 1085050
1089220 1089378
1093643 1093650
1097760 1097801
1101698 1101712
1105822 1105848
1110153 1110175
1114718 1114723
1119503 1119574
1124164 1124177
1128966 1128991
1133822 1133914
1138759 1138884
1143649 1143826
1148632 1148740
1153306 1153362
1157735 1157762
1161920 1161929
1166231 1166248
1170422 1170475
1174748 1174771
1179052 1179140
1183230 1183334
1187656 1187709
1192109 1192264
1196693 1196837
1201393 1201535
1206310 1206465
1211467 1211522
1216738 1216773
1222035 1222124
1227535 1227631
1233190 1233326
1238691 1238866
1244441 1244609
1250260 1250444
1255944 1256108
1261556 1261703
1267248 1267385
1272828 1272849
1278339 1278456
1283696 1283833
1289258 1289435
1294675 1294715
1300164 1300206
1305607 1305679
1311133 1311213
1316912 1317006
1322661 1322734
1328540 1328634
1334446 1334636
1340460 1340499
1346168 1346239
1351977 1352088
1357834 1357950
1363826 1363938
1369606 1369731
1375569 1375825
1381501 1381909
1387357 1387484
1392901 1393069
1398435 1398584
1403863 1404170
1409323 1409594
1414851 1415271
1420320 1420703
1425879 1426470
1431736 1432350
1437645 1438253
1443542 1444322
1449594 1450346
1455719 1456458
1462009 1462741
1468153 1468894
1474273 1476241
1481794 1485713
1491445 1495407
1501161 1504925
1510815 1514072
1519740 1522983
1528765 1531988
1537979 1538365
1544140 1544621
1550494 1550826
1556662 1557033
1562954 1563314
1569337 1569702
1575919 1575958
1582395 1582659
1588848 1589088
1595038 1595271
1601242 1601467
1607618 1607698
1613853 1613930
1620183 1620245
1626485 1626486
1632700 1632711
1638910 1638933
1645116 1645134
1651316 1651329
1657617 1657618
1663726 1663745
1669925 1669928
1676169 1676183
1682536 1682556
1688876 1688884
1694959 1694987
1700860 1700927
1706673 1706771
1712337 1712379
1717992 1718043
1723730 1723769
1729582 1729681
1735673 1735819
1741577 1741603
1747136 1747231
1752675 1752724
1758313 1758463
1763944 1764052
1769769 1769831
1775447 1775664
1781253 1781759
1787528 1788074
1794043 1794566
1800374 1800471
1806046 1806050
1811546 1811551
1816905 1816907
1822150 1822172
1827427 1827453
1832942 1832943
1838505 1838540
1843859 1843883
1849223 1849263
1854798 1854832
1860257 1860288
1865529 1865594
1871004 1871109
1876541 1876765
1882375 1882528
1888125 1888241
1893795 1893890
1899260 1899309
1904562 1904704
1909936 1910091
1915274 1915468
1920790 1920962
1926224 1926374
1931506 1931654
1936985 1937189
1942642 1942793
1947998 1948101
1953239 1953356
1958389 1958464
1963281 1963323
1968112 1968147
1972971 1973001
1977646 1977700
1982323 1982343
1987002 1987005
1991745 1991792
1996483 1996529
2001296 2001352
2005914 2005968
2010668 2010770
2015673 2015835
2020506 2020695
2025553 2025791
2030860 2031093
2036081 2037086
2042011 2043014
2047937 2049120
2054284 2055489
2060631 2061825
2066814 2067196
2072200 2072456
2077486 2077777
2082628 2082937
2087842 2088114
2093084 2093322
2098127 2098357
2103156 2103453
2108011 2108353
2113149 2113490
2118467 2118942
2124076 2126981
2132055 2134954
2140094 2143022
2148403 2152096
2157568 2161456
2166720 2170733
2175789 2179815
2184990 2188991
2194091 2198099
2203022 2207025
2211981 2216041
2220980 2225068
2229881 2234133
2239139 2239467
2244312 2244642
2249694 2250006
2255178 2255338
2260302 2260413
2265186 2265325
2269970 2270107
2274626 2274870
2279164 2279281
2283698 2283805
2288411 2288495
2292896 2292957
2297374 2297387
2301917 2301957
2306339 2306460
2310993 2311000
2315329 2315339
2319576 2319621
2323680 2323774
2328082 2328222
2332393 2332553
2336506 2336646
2340755 2340877
2345229 2345338
2349489 2349539
2353477 2353575
2357511 2357564
2361320 2361374
2365127 2365221
2368868 2369000
2372635 2372829
2376683 2376864
2380571 2380720
2384615 2384741
2388646 2388808
2392684 2392853
2396819 2396819
2400763 2400787
2404500 2404513
2408106 2408107
2411826 2411837
2415521 2415537
2419018 2419043
2422340 2422373
2425833 2425839
2429491 2429501
2433283 2433362
2436897 2436951
2440388 2440437
2444092 2444138
2447783 2447829
2451359 2451375
2454671 2454786
2458154 2458450
2461840 2462167
2465765 2466089
2469593 2469942
2473262 2473569
2477082 2477423
2480830 2481166
2484688 2484911
2488671 2488880
2492874 2493039
2496842 2497017
2500872 2501008
2504957 2505137
2509013 2509217
2513149 2513472
2517552 2517891
2521748 2521750
2525438 2525481
2529160 2529169
2532691 2532860
2536436 2536550
2539890 2539999
2543176 2543237
2546539 2546543
2549667 2549672
2552684 2552719
2555730 2555784
2558906 2559001
2562148 2562252
2565641 2565687
2569052 2569095
2572686 2572688
2576245 2576246
2579779 2579799
2583452 2583453
2587111 2587113
2590946 2590968
2595039 2595060
2598985 2599120
2602983 2603055
2607077 2607150
2611309 2611395
2615477 2615593
2619857 2620042
2624507 2624611
2629074 2629170
2633650 2633737
2637974 2638034
2642212 2642258
2646303 2646475
2650467 2650627
2654756 2655081
2659120 2659327
2663500 2663752
2667754 2668081
2671904 2672242
2676279 2676377
2680368 2680474
2684325 2684369
2688378 2688412
2692326 2692327
2696367 2696384
2700208 2700219
2704199 2704239
2708405 2708447
2712777 2713009
2717228 2717485
2721870 2722137
2726541 2726842
2731472 2731794
2736291 2736600
2741263 2741579
2746458 2746637
2751456 2751638
2756411 2756580
2761355 2761463
2766275 2766368
2771220 2771259
2775903 2775945
2780723 2780800
2785557 2785589
2790273 2790340
2795250 2795320
2800161 2800186
2805127 2805139
2810281 2810332
2815373 2815379
2820579 2820624
2825743 2825771
2831132 2831180
2836712 2836921
2842256 2842322
2847766 2847810
2853258 2853320
2858857 2858897
2864662 2864706
2870362 2870421
2875931 2875975
2881675 2881790
2887720 2887744
2893502 2893521
2899363 2899368
2905316 2905342
2911519 2911540
2917862 2917947
2924251 2924339
2930454 2930520
2936753 2936832
2943283 2943322
2949809 2949855
2956338 2956560
2963034 2963235
2969507 2969740
2976148 2976539
2983039 2983043
2989310 2989314
2995623 2995643
3001728 3001757
3007836 3007850
3014002 3014025
3020404 3020421
3026948 3026965
3033420 3033430
3039928 3039982
3046470 3046513
3052992 3053130
3059444 3059461
3065828 3065832
3072350 3072351
3079010 3079208
3085664 3085970
3092298 3092483
3098814 3099004
3105388 3105562
3112125 3112340
3119051 3119268
3126034 3126243
3133123 3133271
3140333 3140480
3147667 3147755
3154884 3154974
3162341 3162425
3170039 3170189
3178035 3178217
3186079 3186299
3194113 3194513
3202307 3202541
3210376 3210439
3218314 3218322
3226309 3226319
3234537 3234583
3242824 3242962
3251070 3251261
3259612 3259906
3268450 3268725
3277424 3277679
3286566 3287163
3296254 3296805
3306140 3306679
3316016 3317646
3327096 3328366
3337857 3338995
3348436 3349519
3358872 3359956
3369475 3370556
3379974 3380112
3389742 3389878
3399322 3399612
3408904 3409198
3418397 3418709
3428078 3428352
3437792 3438113
3447641 3447949
3457409 3457835
3467291 3467827
3477151 3477260
3486757 3486819
3496497 3496565
3506341 3506413
3516224 3516337
3525987 3526201
3535701 3535900
3545579 3545831
3555541 3555798
3565532 3565787
3575539 3575843
3585358 3585675
3595103 3595413
3604658 3604974
3614307 3614361
3623702 3623708
3633210 3633272
3643007 3643102
3653087 3653175
3663112 3663151
3673050 3673138
3682897 3682903
3692558 3692743
3702373 3702705
3712349 3712732
3722185 3722582
3731997 3732375
3742002 3742858
3752585 3753408
3762992 3763706
3773392 3773823
3783536 3783542
3793322 3793360
3803175 3803396
3813181 3813420
3823294 3823366
3833127 3833169
3842912 3842975
3852795 3852912
3862698 3862798
3872574 3872785
3882503 3882658
3892491 3892661
3902353 3902779
3912454 3912911
3922426 3922756
3932367 3932616
3942361 3942618
3952142 3952405
3961962 3962509
3971966 3972558
3982148 3983319
3992834 3994004
4003673 4004110
4013849 4013915
4023717 4023812
4033446 4033486
4043160 4043238
4052927 4053089
4062602 4062676
4072054 4072113
4081316 4081557
4090518 4090730
4099590 4099831
4108889 4109194
4118473 4118711
4128113 4128308
4137705 4137706
4146855 4146872
4156226 4156228
4165705 4165708
4175019 4175021
4184524 4184531
4194008 4194010
4203359 4203360
4212886 4212895
4222587 4222693
4232396 4232501
4242451 4242589
4252534 4252688
4262755 4262877
4272738 4272790
4282417 4282480
4291912 4292099
4301350 4301569
4310759 4310994
4319985 4320263
4329490 4329826
4338837 4338989
4347985 4348334
4357294 4357647
4366627 4368501
4377622 4379457
4388712 4390513
4399839 4401617
4411075 4415097
4424540 4428731
4438084 4443733
4453275 4459028
4468336 4471602
4480848 4484231
4493300 4496627
4505539 4508888
4517621 4518859
4527359 4528641
4536947 4537523
4545876 4546458
4554774 4555335
4563682 4563722
4572308 4572364
4581001 4581043
4589668 4589670
4598090 4598092
4606718 4606737
4615139 4615178
4623471 4623499
4631769 4631789
4640000 4640075
4648102 4648173
4656446 4656599
4664890 4665119
4673185 4673232
4681491 4681594
4689808 4689918
4698357 4698663
4707027 4707399
4716000 4716343
4724881 4725117
4733431 4733714
4742194 4742329
4750756 4750785
4759133 4759158
4767579 4767617
4775837 4775880
4783944 4783952
4792054 4792060
4800132 4800315
4808515 4808741
4816749 4816989
4825168 4825178
4833579 4833604
4841995 4842060
4850450 4850635
4858906 4859280
4867620 4868016
4876432 4876815
4885151 4885532
4893845 4894187
4902260 4902708
4910702 4911149
4918898 4919357
4927181 4927637
4935562 4935955
4943955 4943960
4951773 4951848
4959599 4959693
4967261 4967413
4975165 4975298
4982800 4982843
4990531 4990564
4998144 4998202
5005995 5006062
5013965 5014039
5021715 5021786
5029223 5029336
5036790 5036849
5044129 5044130
5051328 5051329
5058509 5058665
5065932 5065998
5073507 5073578
5081201 5081310
5088778 5088837
5096131 5096191
5103428 5103567
5110962 5111074
5118341 5118363
5125806 5125866
5133480 5133514
5141287 5141318
5149317 5149399
5157606 5157679
5165799 5165895
5173799 5173862
5181990 5182012
5190375 5190436
5199028 5199080
5207578 5207662
5216230 5216350
5224700 5224739
5233081 5233114
5241649 5241676
5249985 5250062
5258136 5258516
5266645 5267018
5275223 5275437
5283660 5284027
5292333 5292433
5300893 5300928
5309482 5309530
5318271 5318319
5327026 5327085
5335835 5335880
5344653 5344752
5353756 5353854
5363005 5363141
5372044 5372191
5381127 5381260
5390247 5390394
5399181 5399301
5408111 5408343
5417292 5417536
5426389 5426605
5435249 5435402
5443802 5443844
5452315 5452336
5460654 5460662
5468734 5468740
5476716 5476717
5484574 5484581
5492679 5492693
5500603 5500612
5508406 5508430
5516147 5516326
5523898 5524085
5531860 5532040
5539604 5539779
5547425 5547618
5555360 5555736
5563584 5563937
5571851 5572210
5580214 5580521
5588431 5588467
5596372 5596413
5604343 5604417
5612435 5612600
5620508 5620762
5628437 5628723
5636279 5636553
5643872 5644180
5651378 5651661
5658939 5659286
5666321 5666648
5673450 5673791
5680804 5681206
5688402 5688639
5695794 5696093
5703430 5703865
5710987 5711414
5718362 5718855
5726033 5726563
5733497 5734033
5741121 5741191
5748480 5748533
5755967 5756009
5763343 5763440
5770920 5770982
5778339 5778414
5785533 5785571
5792665 5792671
5799764 5799777
5806941 5806958
5814121 5814130
5821311 5821337
5828665 5828676
5835938 5835945
5843283 5843286
5850764 5850765
5858371 5858372
5866217 5866226
5874067 5874243
5882321 5882659
5890561 5890888
5898578 5898888
5906727 5906995
5914923 5915328
5923153 5923517
5931491 5931580
5939616 5939918
5947907 5948201
5956380 5956714
5964656 5965124
5972913 5973422
5981297 5981829
5989704 5990229
5997911 5998420
6006210 6006712
6014629 6015319
6023253 6023931
6031915 6032554
6040563 6041170
6049053 6049662
6057472 6057549
6065476 6065560
6073558 6073640
6081543 6081657
6089523 6089680
6097758 6097819
6106040 6106105
6114418 6114520
6123054 6123191
6131930 6132069
6140883 6141036
6149981 6150141
6158975 6159112
6168012 6168193
6177043 6177220
6185865 6186474
6195084 6195741
6204362 6205035
6213534 6214252
6222814 6223574
6231993 6232791
6241078 6241932
6250121 6250227
6258639 6258763
6267004 6267049
6275083 6275161
6283077 6283291
6291205 6291311
6299304 6299403
6307457 6307584
6315594 6315834
6323662 6323902
6331872 6332330
6340398 6341034
6349295 6349939
6358438 6359183
6367846 6369081
6377708 6378926
6387370 6388596
6397186 6398413
6407216 6408452
6417031 6418384
6426827 6428255
6436531 6438005
6446371 6446464
6454920 6455032
6463698 6463757
6472557 6472639
6481413 6481560
6490350 6490981
6499756 6500334
6509189 6509947
6518899 6519679
6528821 6529612
6538951 6540562
6549746 6551169
6560108 6561538
6570686 6572403
6581549 6583359
6592313 6592695
6601772 6602188
6611249 6611698
6620852 6621489
6630485 6631086
6639950 6640633
6649337 6650011
6658696 6659329
6668021 6668616
6677556 6678201
6687088 6687738
6696630 6697098
6706161 6706611
6715816 6716277
6725596 6725785
6735323 6735506
6745129 6745266
6754859 6754989
6764531 6764616
6774153 6774213
6783724 6783745
6793502 6793520
6803173 6803194
6812733 6812820
6822377 6822493
6831888 6832003
6841541 6841605
6851207 6851235
6860934 6860965
6870818 6870840
6880581 6880642
6890618 6890668
6900431 6900568
6910443 6910634
6920654 6920838
6931019 6931131
6941454 6941553
6951992 6952259
6962559 6962783
6973218 6973286
6983850 6983927
6994452 6994485
7005045 7005101
7015561 7015683
7026235 7026365
7036792 7036853
7047494 7047571
7058265 7058278
7069173 7069174
7079943 7079971
7090963 7090986
7102104 7102121
7113267 7113309
7124328 7124356
7135508 7135664
7146714 7146909
7158054 7158168
7169330 7169442
7180458 7180526
7191471 7191624
7202322 7202477
7213215 7213370
7223988 7224166
7234616 7234698
7245172 7245289
7255948 7255952
7266451 7266475
7276733 7276801
7286957 7286995
7297225 7297244
7307569 7307593
7318062 7318067
7328628 7328645
7339068 7339096
7349407 7349451
7359992 7360184
7370727 7371297
7381827 7382388
7392799 7393183
7403734 7404216
7414873 7415362
7425888 7426387
7437036 7437524
7448093 7448596
7459254 7459749
7470604 7471113
7482029 7482512
7493598 7494071
7504931 7505425
7516499 7517016
7528305 7528779
7540304 7540774
7552508 7552976
7564823 7565287
7577195 7577763
7589761 7590313
7602289 7602801
7614664 7615164
7626892 7627370
7638966 7639388
7651018 7651384
7662792 7663147
7674477 7674766
7685889 7685959
7696872 7696905
7707786 7707789
7718821 7718823
7729762 7729787
7740635 7740653
7751601 7751614
7762632 7762645
7773746 7773807
7785143 7785189
7796693 7796724
7807985 7807997
7819019 7819169
7830168 7830361
7841343 7841580
7852417 7852625
7863377 7863578
7874466 7874654
7885538 7885714
7896413 7896554
7907007 7907152
7917503 7917643
7928087 7928089
7938685 7938705
7949388 7949524
7960305 7960410
7971379 7971460
7982501 7982594
7993483 7993637
8004366 8004641
8015135 8015401
8025968 8026194
8036602 8036820
8047401 8047630
8058084 8058151
8068523 8068623
8078914 8078991
8089176 8089335
8099464 8099612
8109717 8109860
8119750 8119758
8129659 8129701
8139440 8139638
8149382 8149552
8159095 8159371
8169153 8170236
8179956 8181915
8191629 8193690
8203574 8205774
8215414 8219019
8228679 8232106
8241727 8245156
8254681 8256731
8266188 8266309
8275863 8275985
8285723 8285854
8295589 8295720
8305271 8305364
8314994 8315110
8324856 8325236
8334903 8335318
8345100 8345379
8355231 8355341
8365153 8365166
8375209 8375213
8385432 8385469
8395605 8395700
8405853 8405950
8416269 8416349
8426483 8426571
8436704 8436986
8447199 8447475
8457713 8457742
8467882 8467898
8477941 8478129
8488203 8488252
8498290 8498406
8508688 8508736
8519196 8519232
8529570 8529632
8540209 8540219
8550712 8550732
8561176 8561202
8571791 8571832
8582504 8582533
8593183 8593202
8603868 8603922
8614708 8614822
8625423 8625537
8636281 8636372
8647295 8647354
8658163 8658198
8668880 8668912
8679572 8679590
8690430 8690491
8701388 8701476
8712270 8712373
8723202 8723290
8734142 8734177
8745075 8745125
8755916 8756104
8766874 8767113
8777847 8778155
8788734 8788967
8799341 8799640
8809786 8810267
8820256 8820550
8830765 8831095
8841121 8841446
8851476 8851761
8861664 8861978
8871837 8872166
8882249 8882577
8892731 8892970
8903082 8903330
8913202 8913720
8923462 8923990
8933954 8935682
8945758 8947428
8957739 8959422
8969765 8970569
8981157 8981925
8992300 8992771
9003344 9003654
9014098 9014339
9024640 9024951
9035128 9035582
9045618 9045875
9055834 9056223
9065977 9066354
9076125 9076534
9086347 9086720
9096285 9096604
9106284 9106605
9116445 9116713
9126645 9126901
9136761 9137049
9147154 9147446
9157707 9157986
9168166 9168437
9178394 9178645
9188784 9189000
9199322 9199553
9209693 9209910
9220079 9220267
9230450 9230864
9241138 9241551
9251806 9252248
9262695 9263208
9273822 9274354
9284925 9284948
9295742 9295763
9306675 9306871
9318013 9318178
9329516 9329659
9341200 9341279
9352771 9353014
9364460 9364691
9375949 9376098
9387136 9387413
9398595 9398805
9410216 9410268
9421597 9421649
9433028 9433040
9444320 9444355
9455630 9455688
9467181 9467246
9478590 9478620
9490082 9490105
9501512 9501528
9513095 9513180
9524545 9524799
9535986 9536288
9547552 9547832
9558898 9559167
9570136 9570408
9581199 9581594
9592217 9592413
9602892 9603063
9613609 9613792
9624159 9624187
9634325 9634383
9644568 9644631
9654821 9654899
9665133 9665266
9675557 9675680
9686168 9686232
9696892 9696922
9707689 9707747
9718435 9718445
9729273 9729348
9740392 9740468
9751714 9751783
9763108 9763168
9774424 9774477
9785898 9785913
9797380 9797411
9808697 9808740
9819951 9819973
9831169 9831177
9842348 9842352
9853732 9853737
9865148 9865223
9876505 9876578
9887859 9887944
9899124 9899252
9910345 9910510
9921513 9921585
9932549 9932614
9943407 9943464
9954358 9954467
9965259 9965500
9976309 9976464
9987286 9987438
9998335 9998478
10009401 10009646
10020757 10020760
10032085 10032135
10043268 10043299
10054304 10054380
10065528 10065573
10076549 10076721
10087627 10087809
10098954 10099178
10110545 10110769
10121971 10122281
10133586 10133932
10145047 10145569
10156638 10157183
10168377 10168922
10180205 10180587
10192022 10192399
10204061 10204259
10216012 10216098
10227752 10227907
10239750 10240011
10251673 10251749
10263623 10263700
10275751 10275831
10287794 10287799
10299525 10299643
10311534 10311667
10323760 10323796
10335748 10335760
10347912 10347913
10360303 10360304
10372540 10372542
10384708 10384719
10396946 10396949
10409221 10409265
10421308 10421358
10433305 10433367
10445364 10445413
10457412 10457441
10469411 10469416
10481426 10481447
10493370 10493541
10505646 10505656
10517834 10517844
10529923 10529939
10541889 10541911
10553863 10553891
10565676 10565682
10577299 10577459
10589006 10589348
10601043 10601380
10612923 10613195
10624720 10624978
10636727 10636975
10648485 10648757
10660271 10660533
10671807 10671931
10682974 10683107
10694397 10694554
10705812 10705815
10717100 10717133
10728341 10728400
10739403 10739495
10750682 10750810
10761849 10761965
10773032 10773211
10784403 10784553
10795750 10795902
10807314 10807492
10819016 10819260
10830675 10830985
10842518 10842750
10854189 10854315
10865550 10865694
10876970 10877165
10888337 10888558
10899672 10900283
10911430 10912012
10922959 10923045
10934193 10934370
10945345 10945553
10956648 10956843
10968026 10968600
10979836 10980388
10991470 10991796
11002930 11004662
11015889 11017593
11029015 11030675
11042225 11042431
11053785 11054299
11065779 11065812
11077278 11077302
11088771 11088787
11100235 11100272
11111788 11111900
11123297 11123436
11134679 11135103
11146532 11146948
11158177 11158424
11169843 11170110
11181408 11181629
11192782 11192989
11204063 11204310
11215285 11215524
11226543 11227218
11238268 11238942
11250150 11250817
11262097 11262649
11273804 11274345
11285629 11286186
11297600 11297966
11309349 11309710
11321301 11321771
11333217 11333635
11345112 11346473
11357930 11359320
11371009 11372352
11384171 11385529
11397531 11398886
11410719 11412256
11424156 11427137
11439048 11442020
11454090 11455824
11467706 11468091
11479888 11481149
11493190 11494431
11506230 11507350
11518913 11520015
11531817 11532926
11544874 11546180
11558334 11559664
11571999 11573335
11585909 11587264
11599710 11601078
11613739 11615044
11627883 11629113
11641952 11643208
11656230 11657454
11670566 11671801
11684861 11685090
11698032 11698076
11711131 11711199
11724129 11724214
11737054 11737303
11750036 11750255
11763013 11763404
11776379 11776753
11789849 11790236
11803193 11803592
11816788 11819272
11832698 11833002
11846355 11846645
11859826 11860621
11873627 11874243
11887257 11887637
11900423 11900834
11913573 11914001
11926730 11927148
11939893 11940312
11952924 11953336
11966024 11966801
11979685 11980582
11993629 11994175
12007032 12007533
12020170 12020706
12033423 12033958
12046428 12046876
12059429 12059877
12072470 12072882
12085338 12085723
12098161 12098666
12111129 12111623
12124196 12124647
12137159 12137623
12150256 12150584
12163083 12163419
12175795 12176131
12188279 12188516
12200426 12200664
12212478 12213187
12225053 12225772
12237560 12238265
12250005 12250296
12262196 12262455
12274247 12274317
12286320 12286399
12298462 12298578
12310393 12310597
12322214 12322400
12334231 12334427
12346132 12346262
12358197 12358352
12370532 12370780
12382988 12383228
12395509 12395773
12408238 12408645
12421215 12421600
12434264 12434643
12447331 12447691
12460356 12460809
12473229 12473682
12486116 12486876
12499061 12499816
12512249 12512444
12524683 12524859
12537232 12537448
12549595 12549796
12562140 12562341
12574622 12574900
12587391 12587686
12600053 12600165
12612678 12612766
12625528 12625676
12638282 12638429
12650926 12651247
12663931 12664271
12677094 12677431
12690077 12690478
12703042 12703457
12715877 12716288
12728583 12728942
12741289 12741687
12754195 12754782
12767049 12767817
12779902 12780815
12793070 12794004
12806151 12807075
12819415 12820334
12832552 12833273
12845500 12846217
12858527 12858751
12870891 12871127
12883234 12883448
12895769 12895991
12908399 12908669
12920854 12921117
12933166 12933405
12945268 12945674
12957652 12958031
12970074 12970273
12982308 12982541
12994782 12994998
13007455 13007789
13020246 13020559
13032835 13033379
13045418 13045869
13057937 13058362
13070295 13070711
13082734 13083162
13095375 13095817
13108074 13108530
13120770 13121263
13133597 13133734
13146217 13146244
13158723 13158748
13171282 13171285
13184055 13184059
13196625 13196754
13209293 13209490
13222231 13222271
13234788 13234841
13247322 13247382
13259989 13260062
13272726 13272762
13285365 13285420
13297827 13297887
13310314 13310472
13322819 13323141
13335698 13336021
13348630 13348928
13361338 13361663
13373829 13373999
13386167 13386354
13398668 13398720
13410840 13410878
13423219 13423239
13435735 13435755
13448300 13448310
13460740 13460771
13473105 13473307
13485872 13486024
13498447 13498597
13510781 13510819
13522825 13522858
13534820 13534829
13546834 13546836
13559056 13559058
13571431 13571446
13583704 13583717
13595834 13595841
13608090 13608099
13620369 13620411
13632575 13632670
13644877 13644941
13656904 13656952
13668696 13668740
13680550 13680551
13692322 13692333
13704156 13704170
13715881 13715897
13727373 13727540
13738894 13739014
13750257 13750369
13761791 13761940
13773225 13773374
13784509 13784621
13795745 13795844
13807204 13807334
13818765 13818842
13830164 13830241
13841743 13841818
13853128 13853199
13864427 13864658
13876049 13876193
13887552 13887668
13899193 13899321
13911071 13911162
13923005 13923123
13934728 13934793
13946405 13946462
13957883 13957910
13969458 13969466
13980770 13980784
13992020 13992027
14003260 14003328
14014671 14014753
14026279 14026287
14037731 14037778
14049143 14049214
14060635 14060715
14072062 14072133
14083401 14083645
14094903 14095126
14106558 14106831
14118439 14118615
14130212 14130634
14142100 14142336
14153874 14153921
14165519 14165528
14177314 14177324
14189026 14189158
14200801 14200921
14212745 14212854
14224578 14224699
14236638 14236708
14248670 14248699
14260875 14260988
14273003 14273022
14285184 14285222
14297168 14297217
14308965 14309042
14320963 14320974
14332704 14332760
14344739 14344794
14356844 14356867
14369029 14369030
14381153 14381188
14393357 14393362
14405288 14405330
14417381 14417437
14429360 14429460
14441184 14441265
14452987 14453081
14464607 14464665
14475978 14476046
14487603 14487676
14499456 14499547
14511153 14511203
14522996 14523173
14535201 14535317
14547266 14547396
14559169 14559294
14571028 14571041
14582755 14582777
14594520 14594526
14606033 14606074
14617703 14617939
14629594 14629822
14641325 14641552
14653021 14653153
14664587 14664824
14676371 14676651
14688272 14688712
14700404 14700831
14712389 14712638
14724195 14724482
14736093 14736442
14747958 14748255
14759849 14760175
14771972 14772072
14783995 14784236
14796399 14796726
14808774 14808897
14821148 14821172
14833542 14833563
14845923 14845938
14858068 14858081
14870120 14870177
14882330 14882463
14894725 14894894
14906906 14906986
14918762 14918840
14930598 14930625
14942601 14942602
14954767 14954807
14967187 14967226
14979721 14979753
14992300 14992432
15005224 15005354
15018055 15018086
15031036 15031178
15044246 15044248
15057089 15057110
15069801 15069823
15082563 15082575
15095331 15095357
15107974 15107990
15120694 15120708
15133377 15133403
15145854 15146062
15158414 15158495
15170646 15170695
15182868 15182937
15194936 15194994
15207130 15207384
15219568 15219831
15232168 15232629
15245001 15245455
15257979 15258398
15270888 15271321
15283819 15284264
15296609 15297109
15309510 15310199
15322732 15323424
15335906 15336575
15348816 15348981
15360997 15361160
15373109 15373288
15385423 15385541
15397459 15397589
15409553 15409677
15421636 15421654
15433702 15433722
15445770 15445923
15457735 15457901
15469820 15470181
15481996 15482361
15494304 15494577
15506708 15506939
15519280 15519450
15531889 15531945
15544541 15544687
15557422 15557545
15570507 15570691
15583513 15583885
15596572 15596981
15609875 15610238
15623038 15623380
15636399 15637331
15650555 15651486
15664865 15666125
15679275 15680546
15693734 15694944
15707903 15709008
15721902 15723033
15735866 15737289
15750327 15755764
15768995 15774626
15788094 15793761
15807191 15812856
15826408 15830091
15843660 15847310
15860826 15864422
15877716 15881237
15894313 15897795
15910981 15914481
15927603 15931417
15944537 15948518
15961432 15965412
15978285 15982179
15995256 15999077
16012018 16015147
16028237 16031469
16044557 16047830
16060980 16063070
16076327 16077245
16090750 16091218
16104659 16105080
16118621 16119043
16132379 16132820
16146108 16146543
16160054 16161253
16174835 16175940
16189433 16190409
16203705 16204681
16218205 16219224
16232921 16233946
16247511 16248526
16261928 16262951
16276526 16277506
16291033 16292045
16305429 16306454
16319871 16320524
16333775 16334423
16347477 16348114
16361009 16361581
16374462 16375034
16387770 16388241
16400956 16401262
16414210 16414611
16427537 16428099
16441121 16441945
16455041 16455909
16468931 16468977
16482081 16482120
16494999 16495052
16507743 16507822
16520709 16520786
16533528 16533696
16546416 16546557
16559229 16559719
16572506 16573044
16585779 16586301
16598848 16599202
16611932 16612308
16625194 16625727
16638591 16639150
16651824 16652369
16664897 16665454
16677996 16678550
16691288 16691891
16704502 16705145
16717548 16718196
16730606 16731327
16743602 16744292
16756414 16757035
16769369 16769773
16782120 16782407
16794984 16795253
16807714 16807982
16820363 16820655
16832821 16833153
16845389 16845740
16858071 16858430
16870984 16871338
16883697 16884051
16896439 16896644
16909135 16909317
16921902 16922158
16934889 16935128
16947671 16947971
16960651 16960660
16973501 16973530
16986357 16986409
16999310 16999415
17012302 17012432
17025220 17025269
17038167 17038237
17051100 17051153
17063893 17063914
17076812 17076971
17090014 17090173
17103010 17103169
17115775 17116003
17128841 17129118
17141964 17142530
17155207 17155772
17168431 17169036
17181515 17181699
17194317 17194521
17207204 17207442
17220047 17220276
17232982 17233210
17245827 17245927
17258535 17258727
17271405 17271643
17284480 17284675
17297542 17297744
17310541 17310838
17323712 17324051
17336822 17337187
17349950 17350296
17363273 17363678
17376856 17377324
17390617 17391547
17404746 17405698
17418996 17419972
17433478 17434505
17447945 17448938
17462242 17463211
17476576 17477565
17490947 17490981
17504316 17504387
17517648 17517704
17530718 17530852
17543706 17543818
17556722 17557143
17569971 17570384
17583408 17583794
17596605 17597123
17609689 17610176
17622913 17623404
17636168 17636561
17649104 17649543
17661872 17662279
17674786 17675757
17688250 17688251
17700830 17700831
17713480 17713534
17725935 17725968
17738365 17738406
17750652 17750713
17762724 17762794
17774672 17774752
17786499 17786536
17798461 17798578
17810628 17810760
17822709 17822933
17834813 17835031
17846706 17846742
17858281 17858297
17869708 17869836
17881468 17881569
17893407 17893492
17905478 17905568
17917482 17917489
17929397 17929429
17941389 17941406
17953194 17953256
17964857 17964928
17976584 17976594
17988226 17988235
17999851 17999886
18011288 18011292
18022701 18022702
18034138 18034256
18045582 18045681
18056797 18056873
18067800 18067834
18078984 18079022
18090130 18090190
18101430 18101491
18112653 18112663
18123731 18123743
18134893 18134907
18146170 18146177
18157532 18157561
18168798 18168811
18179821 18180003
18191097 18191285
18202160 18202357
18213156 18213349
18224354 18224570
18235635 18235787
18246944 18247197
18258399 18258626
18269914 18270286
18281580 18281965
18293268 18293639
18304787 18305136
18316293 18316430
18327809 18327921
18339110 18339356
18350473 18350729
18361669 18362005
18373177 18373514
18384748 18385166
18396611 18397617
18409256 18410276
18422035 18423025
18434789 18435410
18446974 18447445
18458824 18459200
18470656 18471043
18482328 18482743
18494048 18494149
18505301 18505302
18516377 18516440
18527339 18527360
18538361 18538433
18549662 18549722
18560985 18561015
18572033 18572088
18582959 18583011
18593698 18593720
18604482 18604555
18615455 18615515
18626223 18626465
18637331 18637500
18648207 18648319
18659060 18659187
18669857 18669977
18680677 18680771
18691444 18691503
18702117 18702184
18712959 18713038
18723778 18723862
18734467 18734534
18745153 18745239
18755897 18755957
18766451 18766469
18776833 18776856
18787402 18787431
18798214 18798257
18808953 18809034
18819931 18820005
18831132 18831227
18842246 18842315
18853325 18853350
18864261 18864274
18875264 18875271
18886441 18886450
18897748 18897763
18909151 18909205
18920601 18920726
18932140 18932233
18943662 18943749
18955419 18955506
18967062 18967159
18978516 18978637
18989972 18990121
19001371 19001383
19012792 19012814
19024172 19024188
19035316 19035323
19046564 19046591
19057860 19057865
19069369 19069373
19080935 19080967
19092445 19092567
19104103 19104201
19115689 19115875
19127295 19127301
19138728 19138861
19150459 19150599
19162229 19162322
19173972 19174023
19185481 19185503
19197042 19197116
19208660 19208715
19220299 19220400
19232057 19232387
19244095 19244380
19256324 19256610
19268661 19268964
19280768 19281111
19293129 19293182
19305226 19305243
19317507 19317518
19329636 19329638
19341696 19341700
19353689 19353695
19365807 19365829
19377731 19377733
19389739 19389743
19401959 19402062
19414226 19414227
19426577 19426579
19439071 19439119
19451576 19451641
19463894 19463945
19476321 19476340
19488692 19488713
19501037 19501050
19513339 19513376
19525540 19525582
19537658 19537856
19549930 19550132
19562257 19562458
19574588 19574813
19586858 19587142
19599246 19599499
19611594 19611996
19623846 19624219
19636180 19636622
19648527 19649415
19661162 19662076
19673690 19674916
19686691 19688111
19699649 19701016
19712331 19713723
19725154 19726547
19737979 19739563
19750903 19752340
19763912 19764729
19776108 19776908
19788301 19789102
19800449 19801254
19812533 19813337
19824434 19824446
19835788 19835806
19847047 19847069
19858410 19858416
19869817 19869944
19881518 19881635
19893172 19893303
19904932 19905203
19917042 19917338
19929190 19929466
19941462 19941725
19953585 19953797
19965846 19966045
19978273 19978536
19990693 19990955
20003239 20003757
20015870 20016326
20028617 20029071
20041232 20041479
20053415 20053621
20065721 20065931
20077862 20078089
20090076 20090285
20102352 20102556
20114669 20115007
20126938 20126957
20139088 20139104
20151365 20151377
20163810 20163852
20176461 20176549
20189387 20189424
20202036 20202072
20214680 20214703
20227535 20227755
20240572 20240795
20253656 20253830
20266704 20266878
20279954 20280023
20293159 20293249
20306507 20306578
20319770 20319833
20332813 20332890
20345750 20345882
20358614 20358733
20371323 20371378
20383776 20383850
20396387 20396489
20408962 20409065
20421422 20421449
20434000 20434040
20446420 20446445
20458984 20459031
20471749 20471782
20484462 20484482
20497032 20497058
20509361 20509379
20521754 20521773
20534323 20534344
20546681 20546685
20558788 20558812
20570948 20570978
20582981 20583097
20594945 20595064
20607125 20607699
20619623 20620137
20631856 20632328
20643837 20644247
20655949 20656359
20667820 20668196
20679714 20680069
20691459 20691832
20703020 20703393
20714397 20714790
20725807 20726176
20737284 20737617
20748836 20749196
20760395 20761759
20772786 20774118
20785057 20786237
20797251 20798433
20809223 20810564
20821209 20822686
20833125 20834588
20845069 20846529
20857223 20858708
20869382 20870798
20881585 20883006
20893872 20895270
20906335 20907442
20918509 20919738
20930604 20931842
20942697 20943922
20954792 20954961
20966040 20966318
20977559 20977843
20988980 20989210
21000508 21000752
21011980 21011997
21023036 21023051
21034136 21034326
21045325 21045546
21056731 21057016
21068401 21068676
21080306 21080576
21091958 21092232
21103426 21103441
21114393 21114545
21125463 21125648
21136601 21136728
21147432 21147560
21158287 21158420
21169310 21169492
21180578 21180792
21191722 21192118
21202994 21203422
21214323 21214759
21225507 21225947
21236550 21236972
21247398 21247836
21258507 21258551
21269063 21269087
21279717 21279741
21290540 21290551
21301534 21301561
21312427 21312487
21323535 21323537
21334725 21334732
21345911 21345913
21356994 21356996
21367946 21367947
21378763 21378935
21389619 21389719
21400625 21400812
21411476 21411631
21422267 21422443
21433326 21433479
21444297 21444318
21455202 21455247
21465956 21466012
21476671 21476733
21487552 21487648
21498359 21498438
21509199 21509263
21519971 21520102
21530761 21530935
21541674 21541893
21552411 21552659
21562991 21562998
21573305 21573328
21583577 21583607
21593731 21593737
21603768 21603769
21613667 21613678
21623723 21623732
21633911 21633935
21644228 21644363
21654520 21654668
21664694 21664854
21675086 21675242
21685464 21685634
21695866 21695978
21706019 21706179
21716001 21716121
21726046 21726099
21735816 21735912
21745622 21745754
21755704 21755892
21765930 21765995
21775994 21776067
21785861 21785955
21795987 21796073
21806153 21806196
21816376 21816502
21826519 21826687
21836656 21836673
21846701 21846719
21856806 21856813
21866660 21866853
21876885 21877081
21886938 21887138
21896831 21897582
21907508 21908231
21918046 21918863
21928660 21929466
21939078 21939895
21949264 21950110
21959353 21960154
21969382 21970181
21979433 21980224
21989606 21990405
21999874 22000793
22010128 22011069
22020499 22020667
22029867 22030044
22039295 22039319
22048758 22048939
22058285 22058329
22067825 22067884
22077423 22077429
22087061 22087082
22096958 22097001
22106746 22106781
22116740 22116777
22126783 22126840
22137061 22137220
22147192 22147390
22157412 22157518
22167680 22167793
22178139 22178177
22188649 22188695
22199303 22199379
22210153 22210209
22221070 22221244
22232168 22232356
22243060 22243250
22253890 22254032
22264608 22264612
22275377 22275540
22286177 22286340
22297219 22297761
22308760 22309321
22320495 22321045
22332263 22332380
22343476 22343523
22354492 22354530
22365463 22365497
22376254 22376328
22387208 22387271
22398062 22398065
22408668 22408694
22419085 22419086
22429389 22429412
22439623 22439793
22450210 22450310
22460624 22460808
22471300 22471599
22482075 22482517
22493081 22493532
22504088 22504526
22515045 22515518
22526173 22526527
22537064 22537403
22548060 22548399
22559102 22560282
22570816 22571993
22582632 22583803
22594678 22595858
22606961 22607043
22617963 22618068
22628891 22628909
22639883 22639911
22650682 22650715
22661679 22661713
22672541 22672557
22683258 22683264
22693974 22693981
22704855 22704856
22715519 22715519
22726311 22726312
22736997 22737126
22747861 22748000
22758735 22758786
22769276 22769301
22780037 22780153
22791020 22791051
22801950 22801987
22812950 22813172
22824264 22824601
22835827 22836150
22847348 22847639
22858701 22859009
22870043 22870384
22881617 22882013
22893450 22893837
22905075 22905283
22916729 22916943
22928373 22928411
22939622 22939660
22950745 22950756
22961606 22961721
22972782 22972921
22984056 22984192
22995573 22995607
23006749 23006752
23017780 23017905
23028742 23028833
23039596 23039776
23050531 23050586
23061527 23061583
23072435 23072490
23083389 23083503
23094438 23094485
23105192 23105224
23115949 23115969
23126802 23126828
23137794 23137876
23148637 23148699
23159281 23159358
23169974 23170040
23180904 23180970
23191821 23191944
23202595 23202720
23213491 23213640
23224656 23224800
23235623 23235765
23246338 23246347
23257160 23257172
23268228 23268275
23279090 23279163
23290215 23290316
23301225 23301326
23312113 23312364
23323050 23323112
23333623 23333645
23344058 23344103
23354582 23354680
23365179 23365220
23375628 23375632
23385907 23385910
23396102 23396107
23406243 23406257
23416579 23416680
23427076 23427077
23437407 23437423
23447805 23447839
23458299 23458345
23469041 23469064
23479530 23479532
23489769 23489778
23500082 23500228
23510623 23510802
23521399 23521568
23532221 23532392
23542906 23543148
23553490 23553735
23564289 23564704
23575026 23575120
23585665 23585806
23596340 23596478
23606964 23607102
23617404 23617524
23627795 23628018
23638459 23638709
23648946 23649032
23659283 23659418
23669572 23669681
23679891 23680099
23690345 23690487
23700981 23701309
23711889 23712179
23722833 23723110
23733634 23733943
23744641 23744929
23755566 23755795
23766262 23766472
23777078 23777281
23787640 23787841
23798194 23798354
23808774 23808937
23819341 23819422
23830025 23830033
23840814 23840991
23851905 23852086
23862955 23863159
23873899 23874039
23884766 23884897
23895639 23896017
23906581 23906874
23917535 23917791
23928237 23928509
23938923 23939047
23949681 23949757
23960481 23960575
23971488 23971583
23982731 23982733
23994043 23994047
24005552 24005575
24016901 24016963
24028479 24028541
24039878 24039998
24051510 24051545
24063113 24063159
24074568 24074618
24085876 24085897
24097241 24097294
24108886 24108908
24120441 24120463
24131830 24131920
24143517 24143523
24154914 24154919
24166116 24166125
24177361 24177374
24188367 24188368
24199526 24199532
24210562 24210578
24221810 24221841
24233218 24233269
24244619 24244639
24256237 24256258
24267633 24267835
24279107 24279288
24290481 24290700
24301857 24302095
24313272 24313631
24324640 24324987
24335795 24336094
24347098 24347410
24358204 24358696
24369493 24369797
24380614 24381005
24391717 24392188
24403096 24403344
24414466 24414708
24425773 24426029
24437318 24437463
24448649 24448905
24460192 24460427
24471622 24471867
24482874 24483125
24494203 24494425
24505570 24505724
24516974 24517123
24528210 24528474
24539721 24539826
24550914 24551023
24562050 24562111
24573033 24573117
24583882 24583970
24594838 24594855
24605608 24605642
24616644 24616663
24627804 24627810
24638934 24638959
24649841 24649860
24660658 24660730
24671622 24671695
24682699 24682774
24693601 24693684
24704584 24704848
24715826 24716063
24727237 24727486
24738578 24738602
24749935 24749976
24761173 24761199
24772503 24772572
24783876 24783994
24795145 24795253
24806301 24806362
24817334 24817358
24828236 24828328
24838970 24839068
24849611 24849714
24860222 24860284
24870594 24870603
24881083 24881115
24891369 24891438
24901769 24901843
24912254 24912343
24922982 24923077
24933603 24933702
24944164 24944184
24954457 24954458
24964695 24964727
24974916 24974917
24985162 24985170
24995526 24995660
25005920 25005977
25016026 25016103
25026082 25026321
25036065 25036310
25046116 25046367
25056373 25056666
25066704 25067014
25077171 25077489
25087404 25087730
25097446 25097787
25107528 25107854
25117406 25117737
25127186 25127458
25136734 25137005
25146482 25146745
25156045 25156264
25165482 25165614
25174599 25174737
25183512 25183642
25192623 25192770
25201708 25201866
25210594 25210807
25219784 25220400
25229153 25229824
25238625 25239319
25248313 25248847
25258078 25258554
25267921 25268400
25277753 25278263
25287446 25287919
25297220 25297835
25307375 25307928
25317625 25318086
25327905 25328924
25338548 25339348
25348836 25349462
25358947 25359337
25368822 25369249
25378586 25378985
25388128 25388471
25397788 25398151
25407429 25407507
25416991 25417022
25426477 25426538
25435941 25436039
25445340 25445341
25454643 25454809
25464354 25464602
25474274 25474506
25484132 25484459
25493963 25494297
25504041 25504163
25514120 25514261
25524345 25524458
25534330 25534399
25544067 25544073
25553887 25553927
25563739 25563815
25573841 25573909
25584167 25584237
25594365 25594453
25604814 25604892
25615117 25615163
25625189 25625255
25635315 25635346
25645640 25645750
25656211 25656290
25666777 25666913
25677414 25677522
25688007 25688138
25698586 25698707
25709366 25709515
25720408 25720533
25731225 25731373
25742071 25742098
25752865 25752887
25763791 25763801
25774840 25774848
25786125 25786137
25797359 25797368
25808571 25808582
25819882 25820018
25831269 25831371
25842848 25842964
25854473 25854505
25866046 25866048
25877598 25877610
25889298 25889332
25900989 25901170
25912919 25913048
25925031 25925037
25937224 25937239
25949251 25949313
25961444 25961499
25973793 25973851
25986308 25986443
25998893 25999081
26011487 26011665
26024109 26024321
26036988 26037177
26050025 26050224
26062993 26063249
26076196 26076616
26089760 26090248
26103573 26104103
26117397 26117874
26131035 26131553
26144549 26145063
26158258 26158909
26172083 26172734
26185962 26186568
26200044 26200479
26213718 26213879
26227270 26227555
26240811 26240812
26254012 26254178
26267600 26267681
26281185 26281194
26294865 26294912
26308517 26308558
26321919 26321931
26335168 26335178
26348184 26348195
26361233 26361243
26374480 26374490
26387817 26387896
26401411 26401436
26414752 26414785
26428186 26428247
26441474 26441575
26454732 26454813
26467836 26467875
26480958 26481006
26493859 26493860
26506868 26507043
26519994 26520100
26532852 26532955
26545895 26545969
26558937 26558948
26571847 26571900
26584975 26585123
26598366 26598696
26612095 26612372
26625558 26625813
26639092 26639242
26652471 26652634
26665901 26666156
26679402 26679641
26692852 26693080
26706258 26706457
26719643 26719837
26733057 26733199
26746397 26746419
26759856 26759859
26773234 26773380
26786829 26786926
26800361 26800395
26813735 26813756
26827317 26827333
26840873 26840891
26854248 26854258
26867809 26867840
26881473 26881520
26895055 26895130
26908803 26908877
26922335 26922340
26936001 26936015
26949729 26949742
26963624 26963680
26977316 26977404
26991040 26991074
27004752 27004775
27018226 27018297
27031526 27031570
27045024 27045063
27058750 27058764
27072413 27072417
27085866 27085936
27099149 27099178
27112359 27112376
27125357 27125541
27138652 27139189
27152078 27152617
27165491 27165902
27178603 27179316
27192034 27192115
27204998 27205128
27218033 27218141
27231228 27231332
27244403 27244512
27257412 27257464
27270225 27270254
27282979 27283023
27295918 27296000
27309053 27309062
27321923 27321924
27334691 27334701
27347473 27347491
27360193 27360203
27373019 27373031
27385669 27385875
27398665 27398812
27411691 27411887
27424846 27425067
27437954 27438156
27450992 27451148
27463985 27464364
27477057 27477406
27489917 27490255
27502653 27503023
27515255 27515566
27527710 27527936
27540014 27540245
27552188 27552525
27564272 27564488
27576231 27576497
27588097 27588198
27599717 27599792
27611118 27611144
27622299 27622342
27633360 27633471
27644458 27644491
27655443 27655651
27666487 27666672
27677274 27677457
27688026 27688172
27698641 27698780
27709175 27709244
27719614 27719837
27730275 27730496
27740803 27741137
27751223 27751564
27761736 27762088
27772045 27772361
27782397 27782694
27792816 27793688
27803836 27804676
27815019 27815861
27826223 27827080
27837316 27838203
27848387 27849016
27859249 27859746
27870098 27870636
27881073 27881623
27892210 27892273
27902743 27902806
27913246 27913428
27923678 27923851
27934320 27934454
27944892 27944976
27955479 27955563
27965833 27966020
27976479 27976713
27987387 27987504
27998295 27998377
28009408 28009501
28020596 28020728
28031927 28032074
28043357 28043464
28054621 28054713
28065782 28065864
28076799 28076804
28087768 28087770
28098796 28098800
28109803 28109820
28120682 28120730
28131690 28131714
28142742 28142843
28153775 28153876
28164761 28164860
28175717 28175747
28186601 28186770
28197820 28197952
28208823 28208958
28219843 28219989
28230862 28230955
28242036 28242124
28253351 28253467
28264613 28264689
28275948 28276083
28287340 28287483
28298943 28299124
28310678 28310795
28322344 28322387
28334035 28334095
28345833 28345869
28357587 28357635
28369384 28369414
28381212 28381234
28392845 28392894
28404401 28404431
28415932 28415956
28427416 28427423
28438934 28438993
28450422 28450492
28461749 28461838
28473110 28473194
28484443 28484468
28495812 28495993
28507437 28507798
28519437 28519708
28531588 28531971
28543701 28544080
28555888 28556186
28567861 28568177
28579876 28580172
28592036 28592350
28604142 28604441
28616360 28616598
28628474 28628716
28640834 28641185
28653166 28653545
28665354 28665692
28677352 28677695
28689552 28689862
28701841 28702274
28714248 28714537
28726451 28726740
28738500 28738780
28750549 28751018
28762891 28763391
28775506 28776032
28788038 28790083
28802031 28809386
28821140 28828500
28840408 28847876
28859866 28861867
28873760 28875808
28887662 28889588
28901213 28904359
28916000 28919025
28930708 28933765
28945309 28948206
28959517 28959565
28970685 28970785
28982083 28982232
28993415 28993579
29004847 29005024
29016048 29016252
29027215 29027416
29038448 29038686
29049829 29049928
29061287 29061373
29072643 29072703
29083826 29083924
29095002 29095167
29106475 29106550
29117793 29117841
29129308 29129361
29140620 29140728
29151997 29152126
29163466 29163554
29175075 29175428
29186845 29187201
29198446 29198737
29210031 29210338
29221744 29221938
29233211 29233467
29244958 29245167
29256888 29257053
29268757 29268884
29280618 29280756
29292700 29292809
29304548 29304718
29316533 29316678
29328638 29328771
29340615 29340682
29352569 29352601
29364737 29364759
29377101 29377135
29389369 29389386
29401641 29401687
29414004 29414006
29426549 29426733
29439347 29439531
29452002 29452218
29464758 29464981
29477722 29477961
29490739 29490974
29503757 29503837
29516536 29516586
29529528 29529586
29542701 29542774
29556010 29556233
29569411 29570691
29584079 29585340
29598894 29600200
29613687 29615104
29628674 29630076
29643732 29645116
29658523 29659929
29673243 29674294
29687581 29688802
29702045 29702209
29715276 29715365
29728209 29728277
29741069 29741194
29754047 29754135
29766977 29767069
29779936 29780540
29793264 29793725
29806437 29806901
29819386 29819838
29832366 29832965
29845509 29846110
29858483 29859084
29871378 29871980
29884419 29884995
29897631 29898194
29910830 29911386
29924141 29924568
29937344 29937776
29950789 29951269
29964264 29964629
29977552 29977927
29991083 29991463
30004863 30004982
30018391 30018599
30032251 30033089
30046989 30047841
30061760 30062616
30076623 30077309
30091083 30091745
30105395 30105949
30119831 30119930
30134011 30134038
30148359 30148372
30162585 30162586
30176991 30177003
30191441 30191445
30205800 30205842
30220392 30220437
30234768 30234789
30248931 30248953
30262905 30262934
30276919 30276926
30291120 30291122
30305283 30305291
30319283 30319287
30333400 30333446
30347627 30347687
30361845 30361907
30376270 30376334
30390852 30390904
30405529 30405543
30420142 30420166
30435008 30435144
30450065 30450078
30465094 30465105
30480268 30480276
30495429 30495433
30510408 30510416
30525257 30525264
30539866 30539870
30554410 30554421
30568838 30568870
30583037 30583070
30597332 30597373
30611551 30611573
30625543 30625571
30639597 30639751
30653561 30653786
30667386 30667613
30681434 30681727
30695660 30695946
30709710 30709996
30723935 30724219
30737972 30738355
30752343 30752463
30766227 30766368
30780181 30780513
30794478 30794780
30808937 30809239
30823439 30823719
30837979 30838221
30852270 30852274
30866215 30866216
30880015 30880024
30893719 30893742
30907236 30907288
30920575 30920622
30933902 30933952
30946992 30947027
30960123 30960269
30973310 30973468
30986731 30986939
31000300 31000550
31013967 31014272
31027882 31028110
31041798 31042164
31056035 31056535
31070430 31070937
31084822 31085332
31099380 31099890
31113802 31114134
31127874 31128217
31141996 31142332
31156120 31156127
31169685 31169741
31183295 31183305
31197086 31197103
31210705 31210785
31224493 31224573
31238480 31238726
31252390 31252591
31266231 31266439
31279864 31280021
31293608 31293822
31307567 31307735
31321603 31321645
31335274 31335332
31349082 31349131
31362876 31362922
31376457 31376463
31390117 31390155
31403907 31403933
31417718 31417746
31431613 31431720
31445735 31445848
31460092 31460235
31474629 31474656
31489049 31489109
31503408 31503515
31517855 31517927
31532484 31532524
31546875 31546938
31561529 31561620
31575974 31576060
31590544 31590588
31605258 31605269
31619768 31619773
31634048 31634056
31648342 31648359
31662413 31662475
31676475 31676547
31690794 31690795
31705114 31705146
31719219 31719239
31733385 31733403
31747657 31747679
31761753 31761832
31775790 31775884
31789865 31789961
31804087 31804168
31818335 31818375
31832673 31832679
31846739 31846741
31860743 31860780
31874557 31874559
31888243 31888248
31901955 31901967
31915429 31915438
31928772 31928774
31941881 31941914
31955091 31955155
31968363 31968434
31981682 31981836
31995311 31995510
32009211 32009410
32023256 32023407
32037288 32037420
32051271 32051480
32065430 32065625
32079660 32080057
32094238 32094645
32109011 32109260
32123827 32123902
32138352 32138578
32153209 32153342
32168092 32168216
32183107 32183233
32198270 32198443
32213470 32213588
32228825 32229022
32244138 32244179
32259089 32259091
32274207 32274218
32289400 32289426
32304539 32304542
32319866 32320058
32335543 32335613
32351012 32351087
32366458 32366476
32381834 32381859
32397314 32397316
32412608 32412654
32427945 32427995
32443074 32443132
32458391 32458461
32473894 32473963
32489204 32489333
32504655 32504724
32520256 32520303
32536078 32536252
32551791 32551883
32567246 32567355
32582936 32583008
32598667 32598697
32614441 32614446
32630014 32630017
32645720 32645761
32661460 32661540
32677232 32677332
32692867 32692869
32708209 32708306
32723669 32723716
32739000 32739035
32754328 32754331
32769533 32769536
32784597 32784599
32799576 32799577
32814675 32814679
32829642 32829643
32844534 32844536
32859329 32859366
32874231 32874290
32889008 32889072
32903818 32903869
32918694 32918746
32933414 32933464
32948283 32948323
32962910 32962956
32977737 32977758
32992497 32992521
33007217 33007428
33022089 33022303
33036957 33036979
33051588 33051670
33066061 33066091
33080513 33080529
33094860 33094875
33109450 33109453
33124151 33124204
33138880 33138917
33153567 33153584
33168249 33168370
33183026 33183133
33198029 33198146
33212822 33212903
33227520 33227550
33242364 33242404
33257410 33257426
33272680 33272734
33288122 33288232
33303655 33303677
33318958 33318995
33334517 33334554
33349990 33350001
33365221 33365229
33380589 33380672
33396204 33396283
33411966 33412035
33427585 33427810
33443114 33443335
33458531 33458557
33473620 33473636
33488479 33488483
33503407 33503408
33518493 33518518
33533541 33533581
33548537 33548603
33563759 33563883
33578841 33578978
33593886 33594042
33608932 33609113
33623949 33624226
33639089 33639852
33654675 33655381
33670386 33671061
33686094 33686349
33701560 33701683
33716722 33716801
33731781 33731878
33747079 33747173
33762430 33762516
33777535 33777655
33792825 33792860
33807980 33807981
33823017 33823162
33838141 33838279
33853328 33853533
33868466 33868715
33883783 33883970
33899017 33899237
33914416 33914493
33929618 33929627
33944893 33945071
33960311 33960487
33975827 33975851
33991301 33991330
34006705 34006763
34022144 34022219
34037629 34037694
34053110 34053166
34068618 34068733
34084117 34084202
34099623 34099742
34114963 34115028
34130265 34130394
34145821 34145973
34161162 34161360
34176663 34176996
34192468 34192643
34208082 34208232
34223635 34223800
34239294 34239469
34254819 34254827
34270290 34270291
34285836 34285837
34301245 34301247
34316905 34316913
34332735 34332745
34348319 34348333
34363947 34364008
34379591 34379609
34395225 34395283
34411098 34411169
34426761 34426858
34442437 34442467
34458056 34458058
34473403 34473443
34488685 34488688
34503749 34503759
34518997 34519003
34534458 34534477
34549705 34549727
34565043 34565044
34580535 34580540
34596191 34596207
34611729 34611739
34627161 34627189
34642392 34642427
34657680 34657760
34673138 34673228
34688761 34688974
34704650 34704848
34720720 34720972
34736743 34736885
34752612 34753042
34768635 34769112
34784872 34785361
34801209 34801707
34817387 34817893
34833529 34834003
34849809 34850277
34865884 34866364
34882087 34882255
34898000 34898152
34913924 34914110
34929991 34930116
34946175 34946201
34962061 34962063
34978156 34978165
34994504 34994513
35010604 35010630
35026558 35026567
35042677 35042716
35059064 35059107
35075360 35075491
35091704 35091826
35107946 35108079
35124088 35124245
35140305 35140478
35156411 35156588
35172391 35172681
35188667 35188918
35204998 35205345
35221574 35221876
35237904 35238363
35254173 35254530
35270317 35270865
35286807 35287344
35303516 35304108
35320223 35320278
35336612 35336714
35353288 35353359
35370029 35370077
35386545 35386755
35403420 35403595
35420060 35420267
35436823 35437060
35453401 35454055
35470165 35470808
35487013 35487663
35503895 35504541
35520552 35521202
35537254 35537963
35553853 35555834
35571864 35573728
35589690 35593283
35609354 35621059
35637236 35648947
35664877 35676644
35692480 35704235
35719888 35734132
35749582 35763835
35779527 35784554
35800494 35805486
35821302 35826325
35842027 35847893
35863524 35869369
35884908 35898239
35913592 35926843
35942070 35955298
35970592 35983841
35999260 36012453
36027965 36041183
36056628 36069828
36085452 36098617
36114387 36127477
36143195 36156248
36171918 36173657
36189358 36189458
36205328 36205369
36221431 36221452
36237568 36237602
36253718 36253729
36269869 36270045
36286174 36286462
36302650 36302987
36318966 36319346
36335220 36335583
36351264 36351615
36367106 36367478
36382848 36383004
36398307 36398514
36413961 36414345
36429982 36430242
36446017 36446225
36461848 36462167
36477782 36478137
36493519 36493685
36508889 36508947
36524381 36524440
36539874 36540118
36555573 36555766
36571311 36571518
36587048 36587065
36602786 36602789
36618658 36618660
36634632 36634649
36650619 36650628
36666382 36666392
36682209 36682222
36698050 36698079
36713905 36713936
36729746 36729794
36745698 36745956
36761674 36762257
36777842 36777860
36793479 36793522
36809097 36809126
36824620 36824630
36840072 36840131
36855708 36855710
36871523 36871542
36887185 36887204
36902934 36903141
36918862 36919036
36934634 36934776
36950620 36950960
36966582 36966906
36982284 36982794
36997982 36998493
37013742 37014248
37029584 37029969
37045339 37045430
37060855 37060958
37076264 37076486
37091708 37091891
37107197 37107199
37122618 37122650
37137981 37138042
37153376 37153395
37168945 37168959
37184427 37184435
37199915 37199916
37215475 37215490
37230986 37231033
37246544 37246660
37262294 37262458
37278158 37278172
37293956 37293975
37309737 37309838
37325428 37325490
37341204 37341258
37356836 37356874
37372239 37372303
37387539 37387633
37402869 37402917
37418031 37418092
37433097 37433170
37448420 37448511
37463832 37463966
37479243 37479572
37494623 37495253
37510133 37510922
37525896 37526068
37541065 37541250
37556455 37556665
37571859 37571965
37587136 37587252
37602267 37602396
37617461 37617493
37632697 37632723
37648155 37648225
37663714 37663768
37679187 37679355
37694752 37695117
37710290 37711956
37727233 37728904
37744080 37746551
37761545 37762545
37777716 37778594
37793704 37794634
37809944 37810874
37826412 37827210
37842574 37843516
37858914 37859897
37875277 37876247
37891513 37892471
37907890 37908869
37924100 37925021
37940459 37941390
37956782 37958153
37973384 37973501
37988949 37989271
38004655 38005039
38020587 38020938
38036294 38036637
38052006 38052057
38067328 38067333
38082814 38082834
38098086 38098091
38113205 38113346
38128585 38128950
38144229 38144615
38159814 38161221
38176533 38177904
38193084 38194516
38209935 38211455
38226947 38228480
38243997 38245427
38260876 38262294
38277637 38279055
38294181 38295663
38310887 38312380
38327822 38329299
38344619 38345902
38361234 38362494
38377814 38379070
38394261 38395509
38410798 38412055
38427113 38428458
38443621 38445114
38460321 38461811
38476973 38478460
38493862 38495346
38510556 38511896
38526902 38528084
38543141 38544324
38559394 38563140
38578328 38583923
38599260 38604815
38620007 38621169
38636300 38637448
38652745 38653871
38669090 38670212
38685375 38686481
38701781 38702903
38718317 38719429
38734937 38735646
38750909 38751651
38766961 38767565
38783026 38783592
38799248 38799519
38815236 38815502
38831059 38831291
38847048 38847281
38862804 38863023
38878443 38878671
38894058 38894302
38909592 38909886
38925145 38925199
38940550 38940625
38955780 38955844
38971172 38971182
38986701 38986722
39002427 39002586
39018094 39018254
39033968 39034160
39049930 39050036
39065578 39065595
39081239 39081264
39097151 39097159
39113043 39113046
39128956 39129000
39144836 39144860
39160674 39160684
39176401 39176431
39192339 39192401
39208323 39208405
39224434 39224517
39240718 39240965
39257157 39257205
39273320 39273356
39289323 39289374
39305139 39305199
39320924 39320939
39336458 39336469
39352237 39352329
39368141 39368218
39384041 39384112
39399816 39399917
39415838 39415869
39431922 39431934
39447985 39447987
39464006 39464060
39480162 39480371
39496575 39496622
39512886 39512927
39529262 39529304
39545400 39545452
39561691 39561896
39577925 39578038
39593981 39594087
39609891 39609964
39625827 39625864
39641709 39641816
39657558 39657618
39673138 39673194
39688781 39688790
39704161 39704171
39719512 39719563
39734706 39734887
39750194 39750438
39765865 39765932
39781120 39781178
39796210 39796276
39811438 39811465
39826486 39826543
39841369 39841583
39856238 39856475
39871088 39871318
39885984 39886371
39901026 39901373
39916190 39916509
39931400 39931741
39946618 39946956
39962026 39962378
39977303 39977642
39992596 39992927
40007705 40008098
40022689 40023082
40037487 40037877
40052349 40052806
40067171 40067278
40081653 40081729
40096080 40096162
40110719 40110812
40125143 40125189
40139662 40139679
40154313 40154322
40168895 40168897
40183614 40183645
40198183 40198215
40212554 40212643
40227181 40227429
40241888 40242321
40256564 40257030
40271274 40271751
40285977 40286460
40300466 40300914
40314984 40315481
40329397 40329866
40343566 40343828
40357340 40357606
40371219 40371797
40385199 40385761
40398917 40399480
40412469 40412844
40426004 40426336
40439717 40439950
40453183 40453202
40466444 40466500
40479511 40479575
40492831 40493004
40506300 40506601
40519961 40520049
40533575 40533647
40547167 40547370
40560697 40561036
40574185 40574503
40587439 40587762
40600814 40601135
40614418 40614627
40628055 40628299
40641835 40642095
40655718 40656343
40669996 40670555
40684218 40684767
40698457 40699014
40712470 40714074
40727663 40729226
40742958 40744488
40758029 40759737
40773183 40774953
40788166 40789787
40802797 40804240
40817106 40818539
40831188 40832619
40845516 40846894
40859589 40861010
40873753 40875187
40887808 40889300
40902097 40903585
40916477 40917928
40930842 40932298
40945098 40946593
40959517 40961030
40973931 40975576
40988279 40989946
41002413 41002609
41015143 41015423
41027818 41027918
41040508 41040598
41053424 41053531
41066191 41066256
41078860 41078937
41091423 41091450
41104032 41104042
41116823 41116848
41129538 41129563
41142435 41142499
41155597 41155668
41168764 41168924
41181824 41181982
41194941 41194969
41207931 41207939
41221057 41221084
41234287 41234303
41247515 41247579
41260745 41260843
41273885 41273940
41286983 41287012
41300063 41300088
41313251 41313318
41326563 41326616
41340077 41340176
41353735 41353848
41367624 41367722
41381380 41381478
41395031 41395201
41408777 41408798
41422428 41422574
41436410 41436601
41450392 41450609
41464575 41464801
41478664 41478891
41492641 41492869
41506634 41506759
41520565 41520689
41534653 41534857
41548710 41548904
41562967 41563150
41577205 41577215
41591186 41591205
41605292 41605375
41619417 41619514
41633688 41633784
41648126 41648268
41662725 41662877
41677274 41677457
41691704 41691958
41706179 41706464
41720649 41721035
41735114 41735661
41749627 41750186
41764402 41764793
41779184 41779442
41794042 41794283
41808818 41809115
41823432 41823731
41838065 41838407
41852882 41853156
41867388 41867680
41882007 41882231
41896396 41896540
41910803 41910877
41925378 41925480
41939950 41940062
41954364 41954514
41968567 41968598
41982824 41982859
41997181 41997234
42011511 42011541
42025655 42025720
42039770 42039828
42053747 42053774
42067444 42067472
42081039 42081052
42094800 42094852
42108744 42108837
42122608 42122707
42136275 42136350
42150094 42150225
42164072 42164219
42177930 42178084
42191633 42191785
42205291 42205488
42218854 42219101
42232608 42232855
42246236 42246729
42260136 42260630
42274013 42274640
42288132 42288764
42302107 42302703
42316217 42316865
42330313 42330898
42344474 42345379
42359109 42359818
42373357 42373391
42387077 42387117
42400839 42400899
42414680 42414753
42428717 42428833
42442936 42443238
42457218 42457527
42471685 42472020
42486193 42486572
42500596 42500964
42514975 42515621
42529446 42530385
42544327 42545245
42559255 42561582
42575825 42584510
42598670 42607349
42621546 42630235
42644436 42653301
42667421 42676284
42690554 42699406
42713623 42722476
42736447 42745296
42759496 42768352
42782665 42791704
42805912 42814966
42828970 42837996
42851814 42860805
42874564 42883511
42897508 42906464
42920675 42929652
42943637 42952613
42966805 42975792
42989742 42995367
43009481 43015111
43029460 43035088
43049194 43056781
43070885 43078450
43092345 43099905
43113606 43121202
43135095 43142699
43156640 43161124
43175149 43179620
43193800 43198289
43212575 43217057
43231553 43236034
43250365 43255271
43269760 43270502
43284904 43285495
43299755 43300483
43314519 43315241
43329168 43329961
43343669 43344451
43358185 43359026
43372705 43373558
43387185 43387981
43401856 43402650
43416480 43417278
43431177 43432059
43445881 43447403
43461391 43462967
43477089 43478796
43493028 43494764
43508954 43510736
43525146 43526955
43541558 43543277
43557979 43559802
43574631 43574648
43589603 43589611
43604498 43604528
43619169 43619198
43633630 43633640
43648304 43648316
43662827 43662838
43677258 43677261
43691802 43691804
43706134 43706226
43720317 43720381
43734290 43734344
43748290 43748341
43762038 43762059
43775513 43775571
43789184 43789219
43802946 43803013
43816962 43817228
43831290 43831542
43845761 43845952
43860320 43860440
43874744 43874846
43889123 43889405
43903615 43903937
43918226 43918528
43932699 43932950
43946935 43947193
43961338 43961627
43975757 43976050
43990277 43990612
44004837 44005189
44019384 44020099
44034278 44035121
44049057 44049925
44063912 44064804
44078801 44080819
44094626 44094928
44108614 44108920
44122516 44122546
44136159 44136162
44149582 44149703
44163215 44163360
44176974 44176984
44190721 44190737
44204528 44204586
44218448 44218592
44232576 44232726
44246753 44246892
44260995 44261131
44275364 44275536
44289917 44290082
44304363 44304521
44318737 44318940
44333163 44333355
44347478 44347686
44361866 44362022
44376053 44376069
44390281 44390307
44404735 44404762
44419147 44419210
44433744 44433865
44448387 44448499
44462938 44463039
44477353 44477484
44491884 44491964
44506470 44506662
44521090 44521163
44535811 44535879
44550641 44550716
44565335 44565376
44580099 44580141
44594897 44594948
44609941 44609977
44625053 44625078
44639928 44640063
44654716 44654938
44669506 44669775
44684177 44684456
44698640 44698952
44713126 44713399
44727438 44727695
44741670 44741886
44756082 44756095
44770145 44770165
44784439 44784492
44798601 44798658
44812845 44812870
44826875 44826928
44841026 44841040
44855373 44855396
44869882 44869913
44884229 44884261
44898627 44898763
44913146 44913310
44927883 44928014
44942575 44942697
44957094 44957180
44971436 44971518
44985530 44985598
44999610 44999700
45013723 45013840
45028047 45028087
45042492 45042551
45057133 45057219
45072007 45072064
45086604 45086769
45101450 45101612
45116286 45116484
45131167 45131384
45145932 45145986
45160646 45160675
45175110 45175223
45189774 45189867
45204215 45204323
45218600 45218640
45232840 45232868
45247204 45247303
45261706 45261812
45276088 45276171
45290372 45290411
45304534 45304608
45318652 45318890
45332906 45333146
45346914 45347014
45360679 45360931
45374367 45374515
45388038 45388192
45401804 45401945
45415554 45416027
45429428 45429868
45443256 45443706
45457268 45457678
45471200 45471800
45485394 45485994
45499590 45500158
45513817 45514365
45528013 45528546
45542010 45542683
45556053 45556779
45569976 45572041
45585200 45587279
45600619 45602695
45616278 45619241
45632890 45632998
45646530 45646581
45659951 45660167
45673524 45673761
45687148 45687198
45700735 45700830
45714582 45714600
45728165 45728195
45741960 45742034
45755979 45756027
45770016 45770039
45783793 45783870
45797547 45797625
45811382 45811476
45825079 45825167
45839009 45839051
45852723 45852795
45866442 45866493
45880339 45880381
45894244 45894279
45908301 45908332
45922428 45922434
45936530 45936546
45950435 45950461
45964542 45964575
45978865 45978916
45992974 45992998
46007230 46007400
46021468 46021635
46035945 46036227
46050733 46051030
46065498 46065776
46080114 46080414
46094941 46095738
46110053 46110818
46124981 46125835
46139938 46140836
46154871 46155675
46169661 46170401
46184243 46184668
46198329 46198822
46212516 46213016
46226908 46227476
46241147 46241708
46255508 46256719
46270706 46271527
46285573 46286250
46300497 46301172
46315219 46316417
46330368 46331570
46345646 46345680
46359509 46359520
46373528 46373541
46387497 46387531
46401312 46401363
46415348 46415393
46429333 46429515
46443296 46443459
46457485 46457729
46471642 46471902
46485818 46485834
46499700 46499707
46513424 46513471
46527128 46527267
46541110 46541252
46555060 46555093
46568673 46568717
46582406 46582467
46595979 46596042
46609542 46609802
46623469 46623730
46637443 46637839
46651536 46651966
46665897 46666289
46680092 46680407
46694458 46694760
46708751 46709052
46722922 46723224
46737327 46737722
46751583 46751989
46765782 46766223
46779789 46780204
46793818 46794218
46807800 46808186
46821908 46822096
46835626 46835787
46849077 46849167
46862441 46862470
46875788 46875958
46889200 46889373
46902726 46902897
46916295 46916660
46929996 46930377
46943942 46944380
46958093 46958444
46972205 46972565
46986534 46987164
47001050 47001666
47015587 47016199
47030082 47030699
47044735 47045788
47059804 47060865
47074957 47075976
47090106 47091129
47105226 47106677
47121024 47122405
47136939 47138340
47152884 47154388
47168831 47170278
47184913 47186188
47200815 47201934
47216353 47217598
47232190 47233678
47248426 47248918
47263570 47264062
47278861 47279159
47294089 47294312
47309306 47309521
47324347 47324565
47339240 47339492
47354130 47354397
47368999 47369331
47383909 47384123
47398721 47398898
47413378 47413470
47427772 47427848
47442120 47442149
47456207 47456336
47470250 47470332
47484014 47484092
47497965 47498033
47511922 47511983
47525936 47525937
47539700 47539712
47553333 47553425
47567071 47567106
47580746 47580829
47594587 47594722
47608438 47608618
47622440 47623063
47636755 47637385
47650857 47651452
47664945 47665526
47678898 47679691
47693260 47694031
47707627 47708566
47722211 47723148
47736613 47737556
47750806 47751245
47764551 47764983
47778234 47778609
47791775 47792126
47805225 47805609
47818510 47818883
47831936 47832314
47845280 47845630
47858764 47859155
47872150 47872540
47885430 47885975
47898655 47899199
47911796 47912385
47924766 47925342
47937678 47937894
47950242 47950352
47962905 47962918
47975377 47975404
47987757 47987769
47999952 47999964
48012066 48012094
48023974 48024063
48035966 48036067
48048008 48048099
48060036 48060074
48071831 48071870
48083568 48083637
48095130 48095138
48106541 48106551
48117800 48117864
48129229 48129300
48140868 48140972
48152393 48152469
48163967 48163972
48175428 48175431
48186951 48186961
48198377 48198452
48209833 48209882
48221417 48221531
48232895 48233043
48244409 48244554
48255810 48255855
48267141 48267164
48278604 48278814
48290352 48290590
48302135 48302391
48313747 48313925
48325420 48325585
48336883 48337092
48348172 48348183
48359094 48359131
48370280 48370311
48381650 48381761
48393112 48393217
48404381 48404685
48415982 48416308
48427659 48428131
48439270 48439754
48450729 48451190
48462197 48462625
48473853 48474774
48485839 48486716
48497771 48498679
48509864 48510770
48522120 48522949
48534410 48534421
48545825 48545839
48557416 48557449
48568865 48568874
48580051 48580056
48591118 48591123
48601947 48601981
48612803 48612851
48623451 48623479
48634028 48634032
48644780 48644814
48655356 48655388
48665688 48665738
48675863 48675893
48686195 48686198
48696485 48696507
48706707 48706713
48717037 48717038
48727254 48727331
48737359 48737415
48747501 48747510
48757820 48757967
48768040 48768153
48778279 48778386
48788486 48788524
48798619 48798686
48808689 48808754
48818893 48818978
48829085 48829140
48839175 48839189
48849071 48849113
48859241 48859247
48869503 48869542
48879886 48879914
48890308 48890372
48900776 48900784
48911415 48911424
48921814 48921834
48932162 48932177
48942292 48942380
48952287 48952367
48962502 48962628
48972568 48972585
48982561 48982582
48992544 48992556
49002320 49002341
49011906 49011907
49021345 49021358
49030906 49030909
49040537 49040538
49050299 49050333
49059945 49059969
49069513 49069516
49078913 49078918
49088259 49088262
49097662 49097665
49107053 49107054
49116483 49116485
49125728 49125731
49135200 49135213
49144625 49144811
49154075 49154273
49163604 49163836
49173146 49173409
49182874 49183701
49193407 49194236
49203931 49204638
49214142 49216768
49226130 49228773
49238233 49240828
49250377 49252951
49262433 49265018
49274583 49277161
49286921 49289330
49298961 49301357
49311079 49313417
49323118 49325600
49335516 49335683
49345380 49345693
49355448 49355648
49365203 49365372
49375133 49375308
49385019 49385198
49394706 49394714
49404288 49404294
49413645 49413691
49422864 49422915
49431900 49431928
49441096 49441131
49450190 49450213
49459054 49459061
49468145 49468155
49477266 49477349
49486545 49486575
49495620 49495650
49504919 49504991
49514170 49514233
49523317 49523364
49532638 49532810
49542135 49542306
49551785 49551882
49561503 49561555
49571258 49571290
49581060 49581079
49590779 49590790
49600362 49600557
49610021 49610209
49619829 49619848
49629684 49629721
49639443 49639489
49649335 49649378
49659327 49659352
49669414 49669476
49679336 49679448
49689400 49689487
49699543 49699644
49709771 49709783
49719883 49719887
49730141 49730144
49740323 49740400
49750696 49750709
49761111 49761127
49771514 49771538
49781888 49781939
49792425 49792428
49802781 49802785
49813016 49813028
49823110 49823121
49833356 49833395
49843510 49843628
49853577 49854059
49864182 49865218
49875573 49877372
49887559 49889339
49899420 49901185
49911511 49913312
49923886 49925071
49935519 49936701
49947087 49947337
49957790 49958015
49968613 49968799
49979312 49979508
49989990 49990154
50000823 50000957
50011735 50011809
50022469 50022579
50033142 50033255
50043809 50044083
50054574 50054727
50065164 50065313
50075846 50076362
50087040 50088003
50098678 50099641
50110374 50111342
50122049 50122209
50133054 50133257
50143872 50144026
50154490 50154581
50165191 50165294
50175727 50176001
50186226 50186472
50196635 50196747
50206817 50206877
50216816 50216835
50226895 50226896
50236914 50236916
50246900 50246944
50256870 50256970
50266979 50267098
50277273 50277409
50287804 50287925
50298470 50298581
50308935 50308995
50319569 50319590
50330312 50330315
50340918 50340935
50351486 50351542
50362141 50362151
50372671 50372673
50382986 50382989
50393408 50393469
50403891 50403893
50414541 50414595
50425057 50425193
50435421 50435499
50445671 50445702
50455915 50455929
50466100 50466112
50476507 50476508
50486884 50486930
50497233 50497282
50507366 50507428
50517762 50517791
50527987 50528051
50538489 50538571
50549075 50549306
50559778 50559824
50570481 50570570
50581008 50581059
50591557 50591689
50601999 50602109
50612415 50612549
50622779 50622922
50633131 50633182
50643536 50643626
50653860 50653968
50664375 50664473
50675067 50675240
50685908 50686082
50696886 50697044
50708089 50708150
50719070 50719103
50730211 50730227
50741155 50741200
50752200 50752278
50763484 50763501
50774880 50774887
50786240 50786365
50797809 50797928
50809570 50809854
50821743 50821809
50833913 50833955
50845992 50846048
50858180 50858427
50870593 50870833
50883033 50883526
50895527 50896043
50908056 50908458
50920274 50920674
50932477 50932881
50944679 50944849
50956758 50956862
50968896 50969006
50980941 50981039
50993144 50993228
51005466 51005649
51017758 51017980
51030200 51030390
51042551 51042843
51054802 51054970
51066747 51067060
51078893 51079225
51091107 51091440
51103438 51103776
51115569 51115901
51127561 51128018
51139892 51140382
51152248 51152745
51164725 51164849
51176792 51176961
51188696 51189229
51201024 51201562
51213436 51213976
51225615 51226528
51238184 51239055
51250624 51251551
51262873 51263837
51275189 51276170
51287363 51287459
51298515 51298590
51309687 51309829
51320748 51321050
51331951 51332271
51343007 51343323
51354183 51354823
51365736 51366540
51377652 51378341
51389571 51390268
51401411 51402203
51413520 51414358
51425736 51426612
51437828 51438787
51449955 51450858
51461842 51462629
51473658 51474445
51485647 51486428
51497875 51498625
51510141 51510908
51522212 51522977
51534201 51535038
51546235 51546584
51557668 51558025
51569075 51569398
51580301 51580598
51591724 51592022
51603105 51603240
51614548 51614655
51625958 51626076
51637554 51637627
51649213 51649294
51660782 51660874
51672189 51672453
51683550 51683837
51694950 51695246
51706478 51706893
51718078 51718520
51729925 51730376
51741575 51741974
51753280 51753605
51764896 51765132
51776222 51776389
51787705 51787845
51799324 51799442
51811037 51811125
51822502 51822578
51834065 51834155
51845476 51845607
51857025 51857094
51868592 51868627
51879886 51879898
51891115 51891219
51902629 51902722
51914216 51914275
51925866 51925921
51937600 51937692
51949430 51949664
51961355 51961596
51973151 51973371
51984984 51985225
51996774 51997026
52008693 52008790
52020657 52020680
52032306 52032354
52043843 52043981
52055301 52055615
52067162 52067486
52078905 52079419
52090868 52091325
52102908 52103008
52114698 52114796
52126528 52126629
52138503 52138574
52150677 52150821
52163062 52163183
52175491 52175560
52188040 52188049
52200456 52200646
52213129 52213472
52226155 52226548
52239119 52239532
52251978 52252376
52264861 52265161
52277719 52278051
52290794 52291132
52304105 52304397
52317529 52317798
52330788 52331055
52343875 52343917
52356787 52356857
52369750 52369846
52382907 52382958
52395958 52396012
52408824 52408825
52421658 52421778
52434481 52434563
52447123 52447145
52459653 52459654
52472261 52472263
52484775 52484781
52497265 52497272
52509703 52509744
52522225 52522328
52534591 52534687
52546799 52546999
52559225 52559493
52571876 52572093
52584478 52584697
52597107 52597191
52609765 52609876
52622380 52622417
52634975 52635040
52647736 52647819
52660573 52660667
52673219 52673222
52685756 52685768
52698359 52698542
52711043 52711261
52723952 52724177
52736987 52737193
52750227 52750452
52763282 52763295
52776103 52776118
52789142 52789156
52802194 52802198
52815132 52815134
52828200 52828201
52841248 52841257
52854442 52854470
52867861 52867945
52881267 52881361
52894821 52894928
52908568 52908662
52922195 52922274
52935712 52935743
52949150 52949185
52962694 52962720
52976338 52976343
52990172 52990211
53004276 53004299
53018296 53018468
53032588 53032784
53046797 53046828
53060655 53060741
53074636 53074728
53088838 53088896
53102857 53102953
53116725 53116828
53130479 53130505
53143907 53143979
53157476 53157479
53170911 53170912
53184201 53184204
53197701 53197891
53211173 53211353
53224541 53224681
53237700 53237719
53250532 53250542
53263492 53263505
53276539 53276658
53289471 53289634
53302300 53302540
53315374 53315783
53328641 53329122
53341943 53342546
53355297 53355913
53368740 53369463
53382406 53383139
53396195 53397400
53410656 53411160
53424213 53424688
53437527 53438034
53450959 53451423
53464331 53464850
53477880 53478399
53491242 53491695
53504656 53505123
53517929 53518428
53531041 53531572
53544341 53544821
53557673 53558226
53571181 53572006
53585145 53585319
53598634 53598948
53612411 53612965
53626495 53627070
53640521 53641021
53654618 53655062
53668666 53669150
53682515 53683181
53696669 53697352
53711016 53711543
53725194 53725971
53739678 53740465
53754341 53754931
53768751 53769355
53783084 53783681
53797621 53798172
53812183 53812748
53826738 53827165
53841247 53841797
53856056 53856615
53871017 53871544
53885882 53886417
53900619 53901156
53915236 53915707
53929839 53930322
53944438 53944979
53958890 53959408
53973396 53973942
53988012 53988159
54002296 54002367
54016288 54016391
54030243 54030312
54044349 54044376
54058425 54058475
54072275 54072369
54086175 54086292
54099890 54099902
54113549 54113601
54127497 54127557
54141678 54141736
54156080 54156141
54170576 54170639
54184877 54185040
54199303 54199603
54213736 54214064
54228301 54228613
54242871 54243382
54257683 54257892
54272146 54272223
54286510 54286589
54301090 54301158
54315850 54315963
54330869 54331181
54345982 54346107
54361011 54361155
54376109 54376253
54391076 54391248
54405963 54406144
54420631 54420807
54435249 54435435
54450027 54450183
54464973 54465128
54479872 54480102
54494881 54495150
54509763 54510048
54524644 54524931
54539322 54539613
54553805 54554082
54568052 54568316
54582081 54582394
54595918 54596244
54610006 54610288
54624176 54624493
54638474 54638812
54652936 54653267
